#height_over_sea_level	fall	net_fall	flow	power_of_hydroelectrical_turbine
624.0	0.8211567732115679	0.8487559749969358	0.08333333333333326	0.14995676854253598
628.0	0.9226281075596146	0.9468072067655351	0.08333333333333326	0.16265589728993357
602.0	0.280314561136479	0.27638190954773867	0.5833333333333333	0.37120158390035457
599.0	0.20421106037544412	0.2028434857212893	0.5833333333333333	0.33036531029087696
630.0	0.9614408929477425	0.9412918249785514	0.8333333333333333	0.8948249349738016
620.0	0.7128361237950283	0.723740654491972	0.5	0.511643851555885
601.0	0.256215119228818	0.2579973035911265	0.5	0.30918100107228336
622.0	0.7970573313039067	0.8038975364628018	0.0	0.06334706357261899
599.0	0.20801623541349556	0.2212280916779017	0.33333333333333326	0.18396730520334897
611.0	0.4845256215119229	0.5031253830126241	0.5	0.4246618011138141
591.0	0.003805175038051667	0.019119990194876868	0.41666666666666663	0.14876454698265906
591.0	0.005073566717402445	0.025125628140703293	0.33333333333333326	0.10688642210013583
598.0	0.18138001014713345	0.1907096457899251	0.41666666666666663	0.22479641832297742
618.0	0.6659056316590566	0.6918740041671771	0.25	0.2724047252072514
609.0	0.4337899543378996	0.45409976712832467	0.5	0.40447279998424696
608.0	0.4058853373921869	0.4167177350165461	0.6666666666666665	0.5053712624480642
609.0	0.46727549467275487	0.4852310332148546	0.0	0.013968325573152474
614.0	0.5644342973110099	0.5938227723985781	0.25	0.24615078917548744
628.0	0.9132420091324205	0.9069738938595413	0.6666666666666665	0.7357457023634986
608.0	0.4096905124302386	0.43583772521142294	0.41666666666666663	0.3326190744708845
625.0	0.8346017250126838	0.8187277852678023	0.8333333333333333	0.8312200937666145
603.0	0.31227803145611355	0.3287167545042282	0.16666666666666663	0.10479913930912016
611.0	0.4832572298325726	0.4969971810270868	0.5833333333333333	0.4854131871161305
620.0	0.7077625570776256	0.6961637455570537	0.8333333333333333	0.7654187722982129
628.0	0.9145104008117708	0.9137149160436326	0.5833333333333333	0.6615934596085717
617.0	0.6435819381024861	0.6771663194018873	0.08333333333333326	0.11952110643889147
597.0	0.158548959918823	0.17710503738203198	0.25	0.11469851652551549
626.0	0.865043125317098	0.8708175021448707	0.5	0.56632672241108
595.0	0.10273972602739745	0.1047922539526902	0.5833333333333333	0.27826021578136156
627.0	0.8957382039573822	0.917024145115823	0.16666666666666663	0.24323646980689945
598.0	0.17757483510908179	0.17158965559504824	0.6666666666666665	0.3560607281144103
625.0	0.8731608320649418	0.877435960289251	0.0	0.07053977562605057
622.0	0.7597666159309995	0.7525432038239979	0.75	0.733960950268608
630.0	0.9652460679857944	0.9627405319279325	0.5833333333333333	0.6795465977827542
612.0	0.5060882800608828	0.5074151244025003	0.75	0.6062894162589663
615.0	0.5821917808219177	0.5809535482289496	0.75	0.6464543939450897
608.0	0.4419076610857433	0.4607182252727049	0.0	0.009648760071676477
623.0	0.785134449518011	0.7770560117661476	0.75	0.7462232891352099
599.0	0.20547945205479468	0.20897168770682661	0.5	0.284387804969738
596.0	0.12683916793505845	0.1225640397107488	0.6666666666666665	0.32870407664588325
611.0	0.4913749365804161	0.5300894717489888	0.08333333333333326	0.08980507356508255
624.0	0.8196347031963471	0.8434857212893734	0.16666666666666663	0.22938271207133282
591.0	0.0	0.0	0.6666666666666665	0.2221004938947873
625.0	0.8358701166920346	0.8260816276504475	0.75	0.7698511155148124
612.0	0.5073566717402336	0.5147689667851452	0.6666666666666665	0.5538137663997593
593.0	0.050735667174023336	0.049025615884299434	0.6666666666666665	0.28070373294237055
602.0	0.28158295281582957	0.2825101115332762	0.5	0.32217191978103216
601.0	0.2615423642820902	0.2796911386199288	0.16666666666666663	0.09079859153164666
593.0	0.05200405885337411	0.05576663806839055	0.5833333333333333	0.2509160951700706
613.0	0.5377980720446474	0.5644074028679986	0.33333333333333326	0.31058803732763357
594.0	0.08244545915778789	0.10356661355558283	0.25	0.09204988713277873
602.0	0.28843226788432275	0.3094742002696409	0.08333333333333326	0.03953843482432634
613.0	0.5421106037544394	0.5791150876332882	0.08333333333333326	0.09978142604735585
606.0	0.35261288685946224	0.3529844343669568	0.8333333333333333	0.5450027836404288
628.0	0.9211060375443938	0.9415369530579727	0.16666666666666663	0.24732510951074155
628.0	0.9183155758498223	0.9320995220002453	0.33333333333333326	0.41673513885084873
613.0	0.5276509386098429	0.5074151244025003	1.0	0.7292010146414116
601.0	0.25114155251141557	0.230420394656208	0.8333333333333333	0.46739381441084377
607.0	0.38559107052257735	0.4173305552150999	0.33333333333333326	0.2602462134434616
596.0	0.13318112633181123	0.15259222943988227	0.25	0.10580697825538238
599.0	0.21080669710806688	0.23066552273562912	0.16666666666666663	0.07587076031871337
592.0	0.026636225266362334	0.031253830126240834	0.5833333333333333	0.23627468355110165
609.0	0.42617960426179624	0.40936389263390116	1.0	0.6454859376929973
606.0	0.3630136986301369	0.4022551783306776	0.16666666666666663	0.12528172052250097
608.0	0.40461694571283613	0.40936389263390116	0.75	0.5450940798860049
591.0	0.0025367833587013333	0.012869224169628435	0.5	0.1873560070244405
605.0	0.35261288685946224	0.3284716264248071	0.8333333333333333	0.5306298903908016
591.0	0.007864028411973756	0.034563059198430945	0.16666666666666663	0.016426163713859687
610.0	0.4604261796042619	0.4848633410957224	0.41666666666666663	0.35169461942891517
619.0	0.7209538305428715	0.7303591126363522	0.0	0.05402589591153928
612.0	0.5124302384576356	0.5398945949258489	0.33333333333333326	0.3025289060024596
627.0	0.8891425672247593	0.8892021081014829	0.5833333333333333	0.6519017365978006
611.0	0.48985286656519533	0.5248192180414264	0.16666666666666663	0.15727836941325152
617.0	0.6420598680872653	0.6718960656943249	0.16666666666666663	0.1922967450203268
619.0	0.6943176052765092	0.7261919352861868	0.08333333333333326	0.12882795312027295
625.0	0.8320649416539831	0.8015688197082977	1.0	0.9203681923880411
622.0	0.7704211060375443	0.7997303591126363	0.08333333333333326	0.14239887150679975
603.0	0.30695078640284135	0.3070229194754259	0.5	0.3347994436299387
623.0	0.7813292744799596	0.7525432038239979	1.0	0.8892719750958162
622.0	0.7648401826484017	0.7790170364015196	0.41666666666666663	0.45450135243752027
600.0	0.23617453069507865	0.25517833067777906	0.16666666666666663	0.08350026225294072
627.0	0.8904109589041096	0.8953303100870205	0.5	0.5739526441003828
610.0	0.46448503297818355	0.5003064100992767	0.16666666666666663	0.15111855802055418
605.0	0.36022323693556557	0.36830493933080044	0.33333333333333326	0.2416611620400952
620.0	0.7090309487569759	0.7035175879396984	0.75	0.7091319517168171
629.0	0.9398782343987824	0.9382277239857828	0.5833333333333333	0.6705333311851862
611.0	0.48579401319127347	0.5093761490378723	0.41666666666666663	0.360527083657793
622.0	0.7635717909690514	0.7727662703762714	0.5	0.5306209397784902
625.0	0.8396752917300865	0.846304694202721	0.5	0.5575121594068249
597.0	0.15220700152207	0.14707684765289852	0.6666666666666665	0.3424074640946187
600.0	0.2257737189244038	0.20590758671405807	0.8333333333333333	0.4508620334717099
599.0	0.21232876712328763	0.23593577644319152	0.08333333333333326	0.02065443296975944
615.0	0.5783866057838662	0.5564407402867999	1.0	0.7607340218144323
596.0	0.13064434297311012	0.14168402990562567	0.41666666666666663	0.20369445473764852
612.0	0.5167427701674276	0.5546022796911385	0.08333333333333326	0.09504834225709374
619.0	0.6874682902080163	0.6992278465498223	0.5	0.5023244740172674
608.0	0.415271435819381	0.4565510479225394	0.08333333333333326	0.07363847760825315
598.0	0.17503805175038045	0.1568819708297584	0.8333333333333333	0.40424903467646217
621.0	0.7318619989852868	0.7120970707194507	0.9166666666666665	0.8221388025154801
627.0	0.8942161339421615	0.912489275646525	0.25	0.32611197932050523
595.0	0.10527650938609834	0.11717122196347596	0.41666666666666663	0.19317211490438063
623.0	0.7927447995941148	0.8144380438779262	0.25	0.30275804167763115
626.0	0.8574327752409947	0.8260816276504475	1.0	0.9387849722799537
619.0	0.6927955352612885	0.7209216815786248	0.16666666666666663	0.20965019216964625
610.0	0.4660071029934043	0.5055766638068391	0.08333333333333326	0.08456896536292047
622.0	0.7661085743277525	0.7850226743473465	0.33333333333333326	0.3761315811614672
611.0	0.4883307965499748	0.5202843485721287	0.25	0.2256628375947199
605.0	0.36453576864535764	0.38301262409609005	0.08333333333333326	0.05721768426178031
599.0	0.2016742770167428	0.18874862115455326	0.75	0.4071096503711819
624.0	0.8130390664637241	0.8156636842750338	0.5833333333333333	0.622948295892922
615.0	0.5885337392186707	0.613433018752298	0.33333333333333326	0.3253153748247917
609.0	0.43505834601725013	0.46035053315357266	0.41666666666666663	0.34197425445874746
623.0	0.7957889396245559	0.8242431670547861	0.08333333333333326	0.14621362247391345
625.0	0.8422120750887876	0.8585610981737957	0.33333333333333326	0.3966070018849989
615.0	0.5872653475393204	0.6074273808064714	0.41666666666666663	0.39603595281953236
618.0	0.6544901065449014	0.6299791641132491	1.0	0.8064519593785411
611.0	0.4794520547945207	0.4755484740777056	0.8333333333333333	0.6286856383845218
598.0	0.1801116184677829	0.1844588797646769	0.5	0.2722901573696656
594.0	0.07737189244038567	0.08027944601054049	0.5833333333333333	0.26508849470392265
620.0	0.7196854388635212	0.7507047432283369	0.08333333333333326	0.13406764156735962
611.0	0.487062404870624	0.515381786983699	0.33333333333333326	0.2946595276582871
626.0	0.8637747336377477	0.8646893001593332	0.5833333333333333	0.6423030999550678
594.0	0.08117706747843756	0.09866405196715267	0.33333333333333326	0.13656844264716145
619.0	0.6900050735667174	0.7114842505208974	0.33333333333333326	0.35482196337051414
597.0	0.1615930999492643	0.18691016055889187	0.08333333333333326	0.007649193281312361
610.0	0.46169457128361224	0.49086897904154925	0.33333333333333326	0.2864303346991967
600.0	0.2376966007102994	0.26044858438534124	0.08333333333333326	0.026955664036976745
621.0	0.743531202435312	0.7699472974629242	0.16666666666666663	0.2143796957149839
599.0	0.20674784373414523	0.21522245373207505	0.41666666666666663	0.23542974574890668
626.0	0.8688483003551499	0.8879764677043753	0.25	0.32032451339996165
600.0	0.23465246067985812	0.25064346120848113	0.25	0.1393216509941445
604.0	0.3391679350583461	0.35849981615394033	0.08333333333333326	0.051501823239727795
614.0	0.5555555555555556	0.549086897904155	0.8333333333333333	0.6772731422556617
606.0	0.35895484525621524	0.3868121093271233	0.41666666666666663	0.3127039620780457
601.0	0.25748351090816857	0.2642480696163745	0.41666666666666663	0.25769170868979135
625.0	0.8465246067985794	0.8732687829390855	0.08333333333333326	0.15432645747295576
617.0	0.6329274479959413	0.6299791641132491	0.75	0.6715912935603925
619.0	0.682394723490614	0.671650937614904	0.8333333333333333	0.7505267435345253
615.0	0.5809233891425674	0.5735997058463047	0.8333333333333333	0.6927684422891369
597.0	0.15601217656012167	0.1661968378477754	0.41666666666666663	0.21412191808041586
606.0	0.35514967021816357	0.3676921191322464	0.6666666666666665	0.4759541800254555
619.0	0.6836631151699644	0.6790047799975487	0.75	0.6965688722765524
597.0	0.15093860984271945	0.1397230052702536	0.75	0.3737399775518642
616.0	0.6182141045154745	0.6526535114597376	0.08333333333333326	0.11480771399571443
614.0	0.5631659056316591	0.5889202108101483	0.33333333333333326	0.3179884035866894
629.0	0.938609842719432	0.9314867018016915	0.6666666666666665	0.7458634745202919
620.0	0.7052257737189245	0.6790047799975487	1.0	0.8378900900610611
602.0	0.2765093860984271	0.2549332025983577	0.8333333333333333	0.4841565211476117
607.0	0.38305428716387624	0.405074151244025	0.5	0.3837521324833832
601.0	0.2600202942668699	0.27515626915063107	0.25	0.14742195513595086
623.0	0.791476407914764	0.8095354822894962	0.33333333333333326	0.38282305892546103
622.0	0.755961440892948	0.7280303958818481	1.0	0.872145873499206
627.0	0.8866057838660577	0.8751072435347469	0.75	0.7933393123423573
616.0	0.6166920345002538	0.6473832577521754	0.16666666666666663	0.1867706369792757
630.0	0.9690512430238458	0.9811251378845447	0.33333333333333326	0.4372803743504092
623.0	0.7902080162354137	0.8035298443436694	0.41666666666666663	0.46283079225449814
615.0	0.5796549974632166	0.5650202230665522	0.9166666666666665	0.7249172515891811
609.0	0.4312531709791987	0.4412305429586958	0.6666666666666665	0.5178376752753655
621.0	0.7450532724505328	0.7752175511704866	0.08333333333333326	0.13793072584095478
607.0	0.41653982749873153	0.4362054173305552	0.0	0.005268330406483057
606.0	0.3576864535768647	0.3805613433018753	0.5	0.3725459658695251
629.0	0.9373414510400813	0.9241328594190463	0.75	0.8163280650029268
592.0	0.03323186199898531	0.059075867140580884	0.16666666666666663	0.023822949727990872
619.0	0.6912734652460681	0.7163868121093269	0.25	0.27880978337728085
604.0	0.329781836631152	0.318666503247947	0.6666666666666665	0.443288025333813
613.0	0.5365296803652968	0.5584017649221718	0.41666666666666663	0.3782743577488136
615.0	0.6194824961948249	0.6323078808677534	0.0	0.04315090195320259
616.0	0.6088280060882805	0.6128201985537443	0.6666666666666665	0.6020826284726137
604.0	0.334855403348554	0.3437921313886507	0.33333333333333326	0.23208400686690972
597.0	0.16007102993404376	0.1816399068513297	0.16666666666666663	0.06175564470365419
594.0	0.07864028411973623	0.08640764799607781	0.5	0.22503808485538496
622.0	0.7572298325722984	0.7366098786616004	0.9166666666666665	0.8371973126681596
604.0	0.33358701166920346	0.33778649344282385	0.41666666666666663	0.2912708258371955
617.0	0.640537798072045	0.6673611962250274	0.25	0.2658671979750134
626.0	0.8612379502790461	0.8505944355925972	0.75	0.7836189473721897
626.0	0.8625063419583969	0.8579482779752419	0.6666666666666665	0.7150035533930876
627.0	0.8828006088280063	0.8505944355925972	1.0	0.9539741613723796
614.0	0.560629122272958	0.5766638068390735	0.5	0.4541737600269235
593.0	0.054540842212075	0.0681456060791763	0.41666666666666663	0.1715026824985097
623.0	0.7825976661593099	0.7611226866037502	0.9166666666666665	0.8516758231430612
618.0	0.6674277016742769	0.6964088736364751	0.16666666666666663	0.19796248261343558
607.0	0.3843226788432268	0.4113249172692732	0.41666666666666663	0.3230132773383027
623.0	0.7876712328767126	0.7911508763328841	0.5833333333333333	0.6129039187570822
630.0	0.9733637747336377	0.9958328226498345	0.08333333333333326	0.16814262263681456
630.0	0.9639776763064436	0.9559995097438412	0.6666666666666665	0.7561835305153224
603.0	0.3056823947234908	0.3008947174898886	0.5833333333333333	0.38531669951541375
628.0	0.9107052257737189	0.8922662090942519	0.8333333333333333	0.8696647637664892
598.0	0.17630644342973123	0.16423581321240355	0.75	0.39122768388585455
620.0	0.7064941653982753	0.687584262777301	0.9166666666666665	0.806516403787183
595.0	0.10781329274479967	0.1277117293786003	0.25	0.09676685982088029
612.0	0.5022831050228311	0.48290231646035053	1.0	0.7108092964639712
630.0	0.9703196347031966	0.9860276994729742	0.25	0.35011573141718627
614.0	0.5580923389142569	0.5637945826694446	0.6666666666666665	0.5778103580065912
618.0	0.6570268899036025	0.6471381296727541	0.8333333333333333	0.7368000844937801
608.0	0.4109589041095889	0.4418433631572498	0.33333333333333326	0.26917176404037796
610.0	0.45281582952815835	0.44245618335580317	0.9166666666666665	0.6430710624913849
613.0	0.5352612886859462	0.5521509988969238	0.5	0.4443549383213305
611.0	0.480720446473871	0.48290231646035053	0.75	0.5917142391711017
606.0	0.36022323693556557	0.39281774727295016	0.33333333333333326	0.2514119590921215
627.0	0.8840690005073566	0.8591739183723495	0.9166666666666665	0.909702642757791
624.0	0.8079654997463219	0.7856354945458999	0.9166666666666665	0.8662903829250959
610.0	0.4578893962455608	0.47248437308493685	0.5833333333333333	0.4741819587878006
624.0	0.8143074581430749	0.8217918862605713	0.5	0.5485042631766439
606.0	0.3513444951801117	0.3444049515872041	0.9166666666666665	0.43325438893274687
617.0	0.6367326230339931	0.6502022306655229	0.5	0.48324355869185004
601.0	0.249873160832065	0.22184091187645527	0.9166666666666665	0.4599612259474671
602.0	0.2752409944190768	0.246353719818605	0.9166666666666665	0.4945499721635956
594.0	0.07610350076103511	0.07353842382644915	0.6666666666666665	0.29744674833205337
615.0	0.5898021308980215	0.6183355803407278	0.25	0.25277066204099025
600.0	0.22704211060375434	0.21326142909670298	0.75	0.4214360004367898
612.0	0.5136986301369866	0.5447971565142784	0.25	0.2322916610725339
605.0	0.36149162861491657	0.37320750091923016	0.25	0.1806609490155221
624.0	0.8155758498224253	0.8280426522858191	0.41666666666666663	0.4706679483943496
622.0	0.7688990360223236	0.794460105405074	0.16666666666666663	0.219300742363785
610.0	0.45535261288685946	0.4583895085182008	0.75	0.5787125797275792
600.0	0.22957889396245568	0.22735629366343924	0.5833333333333333	0.34355314247047636
616.0	0.6448503297818364	0.6568206888099031	0.0	0.04362707452816844
628.0	0.9195839675291735	0.9370020835886748	0.25	0.3314501245030172
609.0	0.4299847792998477	0.4338767005760509	0.75	0.5615077127426287
621.0	0.7331303906646371	0.7206765534992035	0.8333333333333333	0.7781698145970166
616.0	0.6113647894469811	0.6256894227233729	0.5	0.4736592430288155
608.0	0.4137493658041602	0.45128079421497724	0.16666666666666663	0.13836751572175054
598.0	0.18543886352105532	0.2061527147934794	0.16666666666666663	0.06908977643160569
624.0	0.8066971080669711	0.7770560117661476	1.0	0.9064750519583045
629.0	0.9436834094368343	0.956612329942395	0.33333333333333326	0.4225816788126476
621.0	0.7394723490613901	0.7545042284593699	0.41666666666666663	0.4463849371935534
618.0	0.6646372399797058	0.6869714425787476	0.33333333333333326	0.3481107942594353
608.0	0.408422120750888	0.42958695918617473	0.5	0.39432280562313266
592.0	0.03170979198376456	0.054540997671283176	0.25	0.07127372583558439
600.0	0.23084728564180623	0.23348449564897655	0.5	0.2965660080806128
596.0	0.13470319634703198	0.15712709890917997	0.16666666666666663	0.05428188342364504
622.0	0.7584982242516491	0.7451893614413532	0.8333333333333333	0.7916154244111839
598.0	0.18264840182648423	0.19671528373575176	0.33333333333333326	0.1745816931336272
611.0	0.5180111618467782	0.5342566490991543	0.0	0.02271844416876556
613.0	0.5327245053272454	0.5392817747272949	0.6666666666666665	0.5657574634680758
614.0	0.5530187721968545	0.53192793234465	1.0	0.7449988453710119
617.0	0.6392694063926943	0.6624586346365975	0.33333333333333326	0.340746230449625
608.0	0.40715372907153746	0.4234587572006374	0.5833333333333333	0.4516264157631023
603.0	0.3018772196854389	0.27944601054050744	0.8333333333333333	0.500999783395182
626.0	0.8703703703703702	0.8925113371736733	0.16666666666666663	0.2385087563840242
598.0	0.18696093353627607	0.2114229685010418	0.08333333333333326	0.01388597993988766
615.0	0.5834601725012685	0.5883073906115945	0.6666666666666665	0.5898883142595783
603.0	0.3138001014713343	0.3339870082117906	0.08333333333333326	0.04532769086733218
627.0	0.8929477422628107	0.9075867140580955	0.33333333333333326	0.4100740931687136
619.0	0.6798579401319129	0.654491972055399	1.0	0.822892444072099
607.0	0.38685946220192813	0.4222331168035296	0.25	0.19576779247468323
618.0	0.6689497716894977	0.701679127344037	0.08333333333333326	0.12413604214664326
630.0	0.9601725012683917	0.9327123421987986	0.9166666666666665	0.9507519409402798
620.0	0.7166412988330801	0.7408996200514766	0.25	0.29039903619806623
595.0	0.10020294266869612	0.09069738938595417	0.75	0.32981574269495767
607.0	0.37924911212582435	0.38485108469175144	0.75	0.5381519849772922
607.0	0.3754439370877729	0.3603382767496017	1.0	0.6032283068484714
627.0	0.897260273972603	0.9222943988233849	0.08333333333333326	0.15943188673537156
595.0	0.104008117706748	0.11092045593822752	0.5	0.23674190551375623
601.0	0.2587519025875189	0.27025370756220135	0.33333333333333326	0.20581395973298527
591.0	0.0020294266869609334	0.006741022184091117	0.5833333333333333	0.21969098906056167
627.0	0.8853373921867074	0.8677534011521022	0.8333333333333333	0.856645203098344
626.0	0.8599695585996958	0.843240593209952	0.8333333333333333	0.843994407657428
610.0	0.4540842212075089	0.4510356661355559	0.8333333333333333	0.6116186108291668
599.0	0.20928462709284656	0.22613065326633142	0.25	0.13077381623676876
598.0	0.17884322678843234	0.17833067777913958	0.5833333333333333	0.3170754411309277
600.0	0.2321156773211568	0.23973526167422476	0.41666666666666663	0.24625819652322406
625.0	0.8384069000507357	0.8401764922171835	0.5833333333333333	0.6324860683719371
605.0	0.35514967021816357	0.3431793111900967	0.6666666666666665	0.45937764602476455
613.0	0.5314561136478944	0.53192793234465	0.75	0.6197081742361994
605.0	0.3538812785388128	0.3358254688074518	0.75	0.49585139119367155
609.0	0.42871638762049735	0.4265228581934062	0.8333333333333333	0.5932913370603683
628.0	0.9119736174530697	0.8996200514768966	0.75	0.8049017133262086
610.0	0.4515474378488078	0.4338767005760509	1.0	0.6693787021970172
630.0	1.0	1.0	0.0	0.07815137633565511
601.0	0.2524099441907661	0.2377742370388527	0.75	0.4360201281369657
630.0	0.9665144596651447	0.9688687339134696	0.5	0.5982947293424341
612.0	0.5111618467782852	0.533888956980022	0.41666666666666663	0.36936491825405776
607.0	0.38838153221714866	0.4267679862728273	0.16666666666666663	0.13218085249211897
612.0	0.5035514967021817	0.4914817992401028	0.9166666666666665	0.673393946879906
604.0	0.328513444951801	0.31131266086530207	0.75	0.47988886919754176
606.0	0.36453576864535764	0.40752543203824	0.08333333333333326	0.06253792821966947
596.0	0.128107559614409	0.12930506189483992	0.5833333333333333	0.2908877396302681
624.0	0.8092338914256723	0.7942149773256526	0.8333333333333333	0.8180895455058081
624.0	0.810502283105023	0.8015688197082977	0.75	0.7580398875087044
614.0	0.5659563673262302	0.5983576418678758	0.16666666666666663	0.1753066927308497
609.0	0.439117199391172	0.47579360215712696	0.16666666666666663	0.14496411699524364
596.0	0.1255707762557079	0.11521019732810389	0.75	0.3575107273088552
616.0	0.6062912227295789	0.5981125137884544	0.8333333333333333	0.7063536816553619
628.0	0.9492643328259764	0.9509743841157006	0.0	0.07742279649350808
619.0	0.688736681887367	0.7054786125750705	0.41666666666666663	0.4302093906244126
629.0	0.9411466260781332	0.9443559259713199	0.5	0.591220165371513
625.0	0.8371385083713854	0.8334354700330922	0.6666666666666665	0.7046047320097166
619.0	0.6811263318112633	0.6630714548351513	0.9166666666666665	0.7911822147753127
596.0	0.1319127346524609	0.14768966785145232	0.33333333333333326	0.1557549751978532
596.0	0.12937595129375956	0.13543326388037746	0.5	0.2485388125401659
612.0	0.5152207001522069	0.5493320259835763	0.16666666666666663	0.16344355117333575
600.0	0.22831050228310534	0.2206152714793479	0.6666666666666665	0.38392040399483723
609.0	0.43252156265854924	0.44797156514278713	0.5833333333333333	0.4628128910298753
602.0	0.2790461694571287	0.26964088736364733	0.6666666666666665	0.41244242518630697
623.0	0.7889396245560629	0.7972790783184216	0.5	0.5393030337205367
609.0	0.4363267376966007	0.46635617109939953	0.33333333333333326	0.2776283025521776
596.0	0.13622526636225274	0.16239735261674215	0.08333333333333326	0.0015162337255491543
616.0	0.6037544393708778	0.5809535482289496	1.0	0.7761720379291148
593.0	0.05580923389142578	0.07415124402500295	0.33333333333333326	0.1269644356370419
605.0	0.3500761035007611	0.31131266086530207	1.0	0.5451674749069584
630.0	0.967782851344495	0.9751194999387178	0.41666666666666663	0.5142413192486497
629.0	0.9746321664129884	0.9754871920578503	0.0	0.0778649567416907
627.0	0.9238964992389649	0.9264615761735504	0.0	0.07589045166579844
625.0	0.8450025367833587	0.8679985292315231	0.16666666666666663	0.2342285735767184
603.0	0.30948756976154224	0.3192793234465008	0.33333333333333326	0.22429339391107744
626.0	0.871892440385591	0.8977815908812352	0.08333333333333326	0.15720318426983587
606.0	0.3564180618975141	0.37443314131633776	0.5833333333333333	0.42901537894207337
623.0	0.7942668696093351	0.8189729133472237	0.16666666666666663	0.2241412335017839
594.0	0.08396752917300865	0.10810148302488032	0.16666666666666663	0.038691706899669
614.0	0.567478437341451	0.6036278955754382	0.08333333333333326	0.10498173180027248
601.0	0.26306443429731097	0.28496139232749096	0.08333333333333326	0.03319066057308978
609.0	0.43759512937595146	0.47125873268782925	0.25	0.21285988174451004
613.0	0.5289193302891935	0.5159946071822525	0.9166666666666665	0.6899794314929084
607.0	0.38051750380517535	0.39220492707439636	0.6666666666666665	0.49175738112244255
604.0	0.32724505327245046	0.30395881848265716	0.8333333333333333	0.5156841579532456
592.0	0.02790461694571289	0.037382032111778374	0.5	0.19997637038349791
606.0	0.3500761035007611	0.3358254688074518	1.0	0.5782793700917079
594.0	0.07483510908168456	0.06618458144380446	0.75	0.2993693398565395
603.0	0.30314561136478946	0.28679985292315235	0.75	0.4649950503113918
610.0	0.45662100456621024	0.4657433509008455	0.6666666666666665	0.5297205081799645
612.0	0.54337899543379	0.558769457041304	0.0	0.027016528200694168
613.0	0.5405885337392187	0.573844833925726	0.16666666666666663	0.1691862640323224
621.0	0.7716894977168951	0.7793847285206521	0.0	0.060846262492817105
624.0	0.8181126331811268	0.8389508518200759	0.25	0.30902168017314063
611.0	0.481988838153222	0.49025615884299545	0.6666666666666665	0.5417125385547625
602.0	0.286910197869102	0.3042039465620785	0.16666666666666663	0.09774068644035933
614.0	0.5941146626078133	0.6077950729256036	0.0	0.03568788140796708
624.0	0.8168442415017756	0.834048290231646	0.33333333333333326	0.3901016968570819
602.0	0.2828513444951801	0.2887608775585242	0.41666666666666663	0.2689068259159609
615.0	0.5928462709284625	0.6281407035175879	0.08333333333333326	0.11008716106268829
608.0	0.4122272957889399	0.4467459247456793	0.25	0.20327377595901336
628.0	0.9094368340943686	0.8836867263144992	0.9166666666666665	0.9231142402451751
621.0	0.7382039573820398	0.7482534624341217	0.5	0.5207860069707368
618.0	0.6557584982242517	0.6385586468930013	0.9166666666666665	0.7765032105846361
628.0	0.9157787924911216	0.9198431180291702	0.5	0.5830464662087533
604.0	0.33105022831050235	0.3254075254320383	0.5833333333333333	0.40091224640677664
624.0	0.8477929984779298	0.8529231523471013	0.0	0.06804076466871095
608.0	0.402080162354135	0.39343056747150373	0.9166666666666665	0.6130041656149696
597.0	0.15347539320142078	0.15381786983698964	0.5833333333333333	0.30382853491007317
610.0	0.45915778792491135	0.4786125750704744	0.5	0.41448316479330355
605.0	0.35895484525621524	0.36229930138497357	0.41666666666666663	0.301990079141314
606.0	0.3538812785388128	0.3603382767496017	0.75	0.5119517526193966
629.0	0.9464738711314054	0.9660497610001224	0.16666666666666663	0.25085523100635304
618.0	0.6621004566210047	0.6747150386076726	0.5	0.492908429865687
606.0	0.39117199391172	0.41169260938840546	0.0	0.0
629.0	0.9360730593607305	0.9167790170364016	0.8333333333333333	0.882435497412378
604.0	0.3376458650431253	0.35322956244637815	0.16666666666666663	0.11170364164612495
616.0	0.6139015728056822	0.637945826694448	0.33333333333333326	0.333363765415192
622.0	0.7673769660071033	0.789925235935776	0.25	0.297212242289495
629.0	0.9335362760020298	0.8996200514768966	1.0	0.9988990746856992
625.0	0.8333333333333335	0.81014830248805	0.9166666666666665	0.8818519174896755
618.0	0.69558599695586	0.7058463046942025	0.0	0.05054410772240925
597.0	0.1496702181633689	0.1323691628876087	0.8333333333333333	0.3724260276645525
607.0	0.3817858954845259	0.3989459492584877	0.5833333333333333	0.44038802694492335
609.0	0.4274479959411468	0.41794337541365345	0.9166666666666665	0.6280018116039319
615.0	0.5913242009132418	0.6228704498100255	0.16666666666666663	0.18104582534491181
616.0	0.6050228310502286	0.5895330310087019	0.9166666666666665	0.7426215627411072
605.0	0.3564180618975141	0.34992033337418804	0.5833333333333333	0.41590631215081425
618.0	0.663368848300355	0.6809658046329208	0.41666666666666663	0.4214377905592522
621.0	0.7407407407407409	0.7605098664051968	0.33333333333333326	0.36926288127370793
613.0	0.5390664637239981	0.5693099644564283	0.25	0.23933758308405878
597.0	0.15728056823947245	0.17220247579360204	0.33333333333333326	0.1650510811444611
613.0	0.530187721968544	0.5245740899620053	0.8333333333333333	0.662168088918963
616.0	0.6126331811263319	0.6319401887486211	0.41666666666666663	0.40443162716761455
607.0	0.3899036022323694	0.4320382399803897	0.08333333333333326	0.06813743128167393
602.0	0.28538812785388146	0.2996690770927808	0.25	0.15517139527515078
628.0	0.9170471841704719	0.9260938840544184	0.41666666666666663	0.5001566357154492
600.0	0.23338406900050734	0.24574089962005163	0.33333333333333326	0.19368408992859198
628.0	0.9081684424150178	0.8751072435347469	1.0	0.9701747696559921
606.0	0.36149162861491657	0.3977203088613799	0.25	0.1882277966635697
598.0	0.18391679350583479	0.20161784532418192	0.25	0.12247659862411187
611.0	0.4769152714358196	0.4583895085182008	1.0	0.6879941856822425
626.0	0.8675799086757991	0.8830739061159458	0.33333333333333326	0.4031570599744729
595.0	0.10654490106544912	0.12317685990930238	0.33333333333333326	0.14668800492641704
621.0	0.7343987823439879	0.7280303958818481	0.75	0.7218131792395917
620.0	0.7463216641298831	0.7548719205785024	0.0	0.057482622386197446
629.0	0.9348046676813802	0.9081995342566489	0.9166666666666665	0.937735960517059
614.0	0.5568239472349061	0.5564407402867999	0.75	0.6333614382559911
622.0	0.762303399289701	0.7666380683907343	0.5833333333333333	0.6032372574607829
604.0	0.3361237950279048	0.3486946929770802	0.25	0.17231181785145921
617.0	0.6303906646372401	0.6140458389508516	0.9166666666666665	0.7597494544601795
611.0	0.47818366311517013	0.4669689912979531	0.9166666666666665	0.6584177823604913
604.0	0.3259766615931001	0.29537933570290464	0.9166666666666665	0.5420240198631989
601.0	0.2536783358701169	0.2451280794214976	0.6666666666666665	0.397890519690452
593.0	0.05859969558599709	0.0835886750827306	0.16666666666666663	0.031246587579056295
626.0	0.858701166920345	0.8346611104301997	0.9166666666666665	0.8962910452704069
593.0	0.05327245053272467	0.06189484005392809	0.5	0.21278648672355677
618.0	0.6582952815829528	0.654491972055399	0.75	0.6842331383889972
625.0	0.8409436834094368	0.8525554602279692	0.41666666666666663	0.4781470800417455
593.0	0.057077625570776336	0.07905380561343289	0.25	0.07977501740894094
613.0	0.5687468290208018	0.5832822649834537	0.0	0.03149004423392604
592.0	0.02536783358701178	0.024512807942149717	0.6666666666666665	0.24897560242096156
627.0	0.8878741755454089	0.8824610859173916	0.6666666666666665	0.7254936710220345
615.0	0.5859969558599696	0.6011766147812232	0.5	0.46375628556749565
616.0	0.615169964485033	0.6428483882828775	0.25	0.2593833744166439
595.0	0.10147133434804667	0.09805123176859909	0.6666666666666665	0.3127379744048289
608.0	0.4033485540334856	0.40201005025125625	0.8333333333333333	0.577176654654945
616.0	0.6075596144089292	0.6054663561710993	0.75	0.6590693869367603
630.0	0.9589041095890414	0.9241328594190463	1.0	1.0
620.0	0.7141045154743786	0.7299914205172202	0.41666666666666663	0.4426113590430722
620.0	0.7153729071537289	0.7359970584630471	0.33333333333333326	0.36216504571077707
595.0	0.10933536276002043	0.13261429096703004	0.16666666666666663	0.046537813651831905
629.0	0.9424150177574835	0.9506066919965681	0.41666666666666663	0.5074120020550605
617.0	0.6316590563165905	0.6226253217306044	0.8333333333333333	0.7221049692009429
591.0	0.006341958396753	0.03002818972913346	0.25	0.06245558258640471
617.0	0.6380010147133435	0.6564529966907711	0.41666666666666663	0.4129060669040368
623.0	0.7838660578386607	0.7697021693835029	0.8333333333333333	0.8048497997748025
627.0	0.8916793505834604	0.9015810761122687	0.41666666666666663	0.49267750406805316
609.0	0.44063926940639275	0.48106385586468914	0.08333333333333326	0.07925588189488042
594.0	0.07990867579908678	0.09265841402132602	0.41666666666666663	0.1821825531084581
603.0	0.3082191780821919	0.31327368550067414	0.41666666666666663	0.2796081779954566
629.0	0.944951801116185	0.9615148915308245	0.25	0.33711049172873914
592.0	0.030441400304414223	0.04963843608285323	0.33333333333333326	0.11678400919406895
603.0	0.30441400304414024	0.29415369530579727	0.6666666666666665	0.42751525631868476
614.0	0.5618975139523084	0.5829145728643215	0.41666666666666663	0.38719095773341855
617.0	0.6291222729578898	0.6054663561710993	1.0	0.7919036341276107
625.0	0.8434804667681384	0.8634636597622256	0.25	0.314581800540975
623.0	0.8224251648909182	0.8284103444049515	0.0	0.06573329681483508
620.0	0.7181633688483005	0.7454344895207745	0.16666666666666663	0.20885895804131954
603.0	0.30060882800608835	0.2708665277607549	0.9166666666666665	0.5186808229550983
626.0	0.8663115169964484	0.877068268170119	0.41666666666666663	0.4850891749504584
630.0	0.9627092846270928	0.948645667361196	0.75	0.8275020094124639
603.0	0.31075596144089324	0.3241818850349305	0.25	0.16366552635865816
592.0	0.029173008625063446	0.043632798137026585	0.41666666666666663	0.16007812094425378
602.0	0.2777777777777777	0.26228704498100264	0.75	0.45054697191834897
605.0	0.3576864535768647	0.3560485353597256	0.5	0.36120733019345846
626.0	0.8985286656519533	0.9019487682314007	0.0	0.07276847809158621
604.0	0.32470826991374957	0.28679985292315235	1.0	0.5220086606124725
629.0	0.9479959411466261	0.9713200147076848	0.08333333333333326	0.16389287191136742
612.0	0.5098934550989347	0.5276381909547738	0.5	0.43454506722804903
602.0	0.2841197361745307	0.29476651550435107	0.33333333333333326	0.21316062231817273
630.0	0.9718417047184169	0.9905625689422721	0.16666666666666663	0.2534455382092689
599.0	0.20040588533739223	0.18139477877190813	0.8333333333333333	0.4333707468927949
617.0	0.6702181633688484	0.6813334967520528	0.0	0.047135714554232655
605.0	0.3513444951801117	0.31989214364505436	0.9166666666666665	0.5596603063615582
621.0	0.7420091324200917	0.7654124279936263	0.25	0.29085372730348474
601.0	0.25494672754946746	0.25186910160558895	0.5833333333333333	0.357278011388759
599.0	0.20294266869609356	0.19610246353719818	0.6666666666666665	0.3702689300975079
597.0	0.15474378488077134	0.15994607182252718	0.5	0.26024979368838613
610.0	0.49264332825976664	0.5097438411570046	0.0	0.01822344666598641
608.0	0.40081177067478446	0.38485108469175144	1.0	0.622658296054033
607.0	0.37671232876712346	0.368917759529354	0.9166666666666665	0.5980566430549512
604.0	0.3323186199898529	0.33153572741757564	0.5	0.34794789311536795
614.0	0.554287163876205	0.5405074151244023	0.9166666666666665	0.7083460879558772
612.0	0.5048198883815322	0.5000612820198553	0.8333333333333333	0.6458869251245478
605.0	0.3630136986301369	0.37774237038852787	0.16666666666666663	0.11859919337081842
621.0	0.7305936073059365	0.7035175879396984	1.0	0.854976808963501
607.0	0.3779807204464738	0.37749724230910653	0.8333333333333333	0.560607281144103
612.0	0.5086250634195841	0.5215099889692365	0.5833333333333333	0.49683416842546196
610.0	0.46296296296296324	0.49577154062997897	0.25	0.21810315043652134
