Real values: [-0.80863274 -0.8622768   0.8616961   2.27642676 -0.50780526  0.00233926
  0.10962738  0.52931328 -0.19645933  1.00474693 -0.3216288   1.0015914
  0.56086861 -1.17257089 -0.39630975  1.29190044  1.30662626 -0.98323891
 -0.82230672  0.95005102  0.82488155  2.17755339 -1.12628974  1.01631722
 -0.56881223  1.96823636  1.13622748  0.53141697 -0.36370258 -1.07685305
 -1.17783011 -0.96220202 -0.47940546  0.58716472  1.9713919   0.58821657
  0.96688053  1.03525042  1.08889448 -1.12734158  0.56928337 -1.01689792
 -1.39871743  0.73757846 -1.31877726 -1.35874734 -1.30931066 -1.08421596
  1.06680575  1.1604199   1.09941292 -0.92118009 -0.91697271  1.33292237
 -1.0116387  -0.54356796 -0.99796473  0.49670611  1.65899412  1.20775289
 -0.84649914 -0.81073643 -0.89698767  0.4514768   0.59032025  1.12570903
  1.81677078 -1.12418605 -1.06423092 -1.13575634  0.5251059   0.87221454
 -0.99375735  0.04546488  1.2908486  -0.98954997  0.9731916   0.43990651
  0.92375492 -0.11546731  0.13907902  1.22773794 -1.08211228 -1.02005346
 -1.14522294 -0.94642435  0.29580383  1.36658139  1.12465719 -0.3689618
 -0.55198272  0.22427842 -1.0495051  -0.90855796  1.24667113 -0.88541738
  0.78385962  1.00579878 -1.14837847 -1.13470449  1.57379473  0.49355057
 -1.17362273  0.55035017  0.39888458 -0.7602479   0.41255856 -0.78759585
 -0.79601061 -0.97903153  1.00790246  0.53667619  0.18746387 -0.68241142
 -1.03372743 -0.75919606 -1.03688297 -1.15574138 -1.0116387   0.52720959
  0.49986164 -1.07264568  0.50617271 -0.97692784  0.51038008 -0.33530278
 -0.80863274  1.75366011  0.11909398  1.7105345  -0.34266569  0.99528033
 -0.99375735 -0.89488398 -0.7697145  -0.24589601  1.1698865   1.57484657
 -0.79495877 -0.26482921 -1.08526781  1.60535006  0.52615775  1.32555946
  1.61271297 -1.03477928 -1.19676331  1.02473197  0.8995625   2.24907881
  1.19197523  0.92375492  0.98791742 -0.98744628]
Test Prediction: [-0.56046069 -0.8656584   0.79019737  0.97526401 -0.80692834  0.35977739
  0.09355584  0.58248359 -0.43288052  0.63357544 -0.51247716  0.8821491
  0.77322578 -0.97123748 -0.68760461  0.96518689  0.96648055 -0.96292484
 -0.84777677  0.90864462  0.7880525   0.97046828 -0.92472857  0.95191896
 -0.87921172  0.95155448  0.94080222  0.88545471 -0.6983124  -0.75549889
 -0.95540237 -0.93367016 -0.78750402  0.72289711  0.93868423  0.66518927
  0.89568233  0.96360618  0.94626987 -0.95967114  0.5937978  -0.95276463
 -0.97080863  0.89069951 -0.96332055 -0.9648174  -0.9426915  -0.96032685
  0.78773165  0.87792879  0.92442662 -0.89915305 -0.87911093  0.9455564
 -0.93336117 -0.84995228 -0.94943362  0.52073729  0.97792083  0.95718223
 -0.90952629 -0.60598481 -0.88974971  0.01081858  0.66635919  0.88806832
  0.93376094 -0.91382539 -0.82142663 -0.95890486  0.79876029  0.77489102
 -0.9327355   0.46715266  0.89462876 -0.95176899  0.86618775  0.5940333
  0.78724122 -0.32432669  0.12617619  0.97241253 -0.95950973 -0.76248109
 -0.9331938  -0.93519741  0.48313323  0.97593737  0.96679443 -0.63963002
 -0.86525452  0.71666241 -0.95031607 -0.89424556  0.97434849 -0.91458523
  0.22554491  0.69735336 -0.95825905 -0.94603437  0.97739911  0.69644189
 -0.94586891  0.68821836  0.7947011  -0.51326472  0.4293327  -0.58789968
 -0.86982936 -0.9411208   0.95995903  0.82973593  0.16318585 -0.85972995
 -0.9439013  -0.89874935 -0.92897373 -0.96253192 -0.9457407  -0.07941527
  0.66701901 -0.9303022   0.78262037 -0.71316993  0.77095932 -0.60522205
 -0.90322155  0.83879602  0.00971944  0.98298889 -0.69563717  0.93495435
 -0.76921153 -0.892591   -0.90376377 -0.56664968  0.87712008  0.9681378
 -0.85791779 -0.57438278 -0.94440573  0.98413223  0.57651442  0.86943191
  0.9303574  -0.93263137 -0.96854782  0.76355398  0.92058748  0.95841426
  0.9505868   0.72037303  0.74182457 -0.95242608]
MAPE: 136.13%
Mean Squared Separable Error: 0.12062714248895645
Learning rate:  <tf.Variable 'learning_rate:0' shape=() dtype=float32, numpy=0.001>
Momentum: 0.9
