Real values: [0.44917642 0.25658043 0.19205751 0.92168858 0.27937711 0.82601658
 0.87337274 0.22081602 0.50199695 0.4714795  0.54491169 0.74695301
 0.19301794 0.57515913 0.76846274 0.45229208 0.65589113 0.83717485
 0.50051922 0.27995592 0.33805486 0.11377285 0.59034432 0.234074
 0.41118999 0.51071309 0.11409531 0.73813993 0.16450936 0.89773497
 0.72192252 0.20096331 0.17758304 0.46089936 0.36619123 0.23684178
 0.23704444 0.51757776 0.55841292 0.3061569  0.17903181 0.42281115
 0.44926    0.6951737  0.27683802 0.50102203 0.26085496 0.2578997
 0.73123049 0.76242608 0.41162529 0.54413416 0.72542734 0.33706376
 0.37920383 0.14428501 0.31809473 0.30071208 0.47948119 0.86498859
 0.29151245 0.13802887 0.72420951 0.38614811 0.6044541  0.22225586
 0.17274431 0.2604475  0.50188798 0.4869192  0.85362005 0.28258282
 0.82060847 0.34321577 0.29501243 0.47184862 0.24477839 0.65214829
 0.15775795 0.24290293 0.57639946 0.50387775 0.30540829 0.37607661
 0.47490348 0.24832497 0.14058349 0.55341817 0.45017751 0.65284426
 0.38335455 0.26478762 0.21553105 0.45147764 0.67373962 0.47203925
 0.84581936 0.51757401 0.45747222 0.3212187  0.18606092 0.62738014
 0.20544002 0.629433   0.15529245 0.25609884 0.187449   0.37042353
 0.24111655 0.88429948 0.13002119 0.20952249 0.56999703 0.80549322
 0.10086279 0.64322061 0.50445526 0.14823731 0.82188862 0.19733372
 0.29751769 0.28575199 0.65015485 0.29091668 0.22198682 0.50804062
 0.75299148 0.21864808 0.2787128  0.9065737  0.84592987 0.5442935
 0.89470562 0.71464531 0.70954582 0.56566879 0.82966683 0.26878057
 0.17952203 0.32144966 0.9165516  0.28794894 0.35794921 0.38929543
 0.7836909  0.22389055 0.21842207 0.78956774 0.2719149  0.15523844
 0.7176258  0.17593095 0.15595418 0.19681276 0.48478002 0.60122501
 0.49731499 0.27826604 0.08545644 0.59422732 0.29370926 0.35442566
 0.60163399 0.63180648 0.83164253 0.0616023  0.1245638  0.15180579
 0.73107699 0.22984912 0.46791491 0.52466059 0.30696579 0.38198738
 0.55704996 0.90272546 0.62660483 0.55316656 0.81389421 0.50099642
 0.54413678 0.84288166 0.20900482 0.22910531 0.29730273 0.65115556
 0.23313406 0.75522688 0.84645604 0.62591917 0.10514228 0.33057498
 0.18088735 0.63460861 0.10666004 0.3072195  0.90562244 0.35470579
 0.30034549 0.63283224]
Test Prediction: [0.49209517 0.24112576 0.24085587 0.84472191 0.24078909 0.78282106
 0.8458873  0.21627015 0.52813321 0.49859115 0.56474924 0.71648371
 0.06532148 0.58075488 0.78995562 0.4481428  0.69532061 0.8114053
 0.48925307 0.25839773 0.34218693 0.16791594 0.64379305 0.21278861
 0.41144252 0.56390381 0.1706101  0.74795365 0.12156764 0.884103
 0.75701576 0.25399131 0.16640797 0.50440997 0.37342709 0.14898682
 0.22682473 0.57301497 0.52451998 0.33734891 0.17958006 0.42213213
 0.43276319 0.73240316 0.31201312 0.49814782 0.2520245  0.19538781
 0.66685224 0.72114646 0.44385675 0.5984233  0.69565654 0.33152869
 0.39172527 0.16739777 0.30915812 0.24503502 0.54132026 0.86164898
 0.29746193 0.14987057 0.64091897 0.41147336 0.60536474 0.25497329
 0.12219856 0.32663375 0.55292261 0.53288013 0.75335294 0.30088565
 0.81894523 0.34705731 0.30609342 0.49805409 0.18617633 0.70999092
 0.22678292 0.29349938 0.64069742 0.50196218 0.2163935  0.37944031
 0.53736621 0.27368721 0.04248754 0.50934964 0.47721186 0.63568962
 0.37752733 0.1651814  0.20695388 0.45963541 0.64433867 0.48113412
 0.82576305 0.54445457 0.45427498 0.28072909 0.22121361 0.58430964
 0.23628944 0.68456405 0.15065232 0.28920218 0.08653156 0.36888474
 0.296648   0.85903633 0.12260474 0.20819926 0.54912162 0.70760995
 0.08011951 0.66214913 0.49250114 0.17165324 0.76278007 0.2214554
 0.27197883 0.26000944 0.66928327 0.30362633 0.22437087 0.50992936
 0.78651297 0.1811682  0.2773248  0.86684668 0.73931235 0.55018419
 0.81919754 0.69649243 0.63097197 0.60101974 0.75748074 0.2759209
 0.1178518  0.33633474 0.89028233 0.25570241 0.37953988 0.40687096
 0.73756778 0.29744646 0.12773252 0.769333   0.23546621 0.210529
 0.75728959 0.19590136 0.08312268 0.23783535 0.50964725 0.6402753
 0.57158524 0.22510132 0.09127284 0.55077338 0.31037897 0.35223886
 0.56675768 0.57231438 0.75273722 0.02923722 0.18441841 0.16578946
 0.74937117 0.18143585 0.47944155 0.52909255 0.30426168 0.38332814
 0.61893618 0.8209362  0.56053078 0.55061787 0.71595967 0.56031156
 0.6200583  0.83743858 0.22992474 0.27633929 0.3158392  0.6821748
 0.23438776 0.71585643 0.80386269 0.64397854 0.09802616 0.35312495
 0.24118483 0.6851728  0.1715987  0.26929858 0.80767143 0.37406582
 0.3226324  0.63118893]
MAPE: 10.93%
Mean Squared Separable Error: 0.0019506558310240507
Learning rate:  <tf.Variable 'learning_rate:0' shape=() dtype=float32, numpy=0.001>
Momentum: 0.9
