Real values: [0.77617204 0.32870408 0.58304647 0.65906939 0.18677064 0.64307106
 0.23208401 0.30275804 0.57717665 0.35606073 0.15727837 0.59829473
 0.47595418 0.29721224 0.16505108 0.41673514 0.37827436 0.52972051
 0.70460473 0.15111856 0.33479944 0.67727314 0.29039904 0.27229016
 0.43325439 0.72210497 0.45450135 0.6226583  0.4246618  0.47814708
 0.63336144 0.82289244 0.79190363 0.396607   0.64588693 0.14239887
 0.29088774 0.19997637 0.00764919 0.88927198 0.43020939 0.45086203
 0.32301328 0.19229675 0.44261136 0.92036819 0.30252891 0.89629105
 0.4926775  0.54171254 0.43454507 0.6795466  0.8048498  0.03319066
 0.35727801 0.36936492 0.10688642 0.25938337 0.50537126 0.37026893
 0.05054411 0.14995677 0.33261907 0.61300417 0.00151623 0.72920101
 0.70834609 0.93773596]
Test Prediction: [ 0.7098583   0.40955523  0.55989021  0.62110245  0.19436473  0.65041471
  0.22706531  0.34191531  0.60375315  0.43135259  0.13438082  0.57031626
  0.49900237  0.33282956  0.13760644  0.44849759  0.38650319  0.53447127
  0.63293046  0.12182588  0.36176172  0.64439017  0.31383836  0.3032597
  0.6229012   0.66167945  0.46606624  0.66564542  0.43178025  0.48779789
  0.60816056  0.72322184  0.71449548  0.42683792  0.63175893  0.18409613
  0.34808204  0.22952479 -0.11159126  0.73861653  0.44195613  0.54795021
  0.32192847  0.20571728  0.45026058  0.7453633   0.30508298  0.72744989
  0.50100487  0.54272687  0.44138238  0.61576128  0.69068742 -0.05937343
  0.40473863  0.37634301  0.06013301  0.27265039  0.51722032  0.44200906
  0.07778305  0.20473117  0.33326533  0.6371032  -0.12438542  0.69479764
  0.67441255  0.7369352 ]
MAPE: 159.52%
Mean Squared Separable Error: 0.0044846548698842525
Learning rate:  <tf.Variable 'learning_rate:0' shape=() dtype=float32, numpy=0.001>
Momentum: 0.9
