Real values: [16.9  16.27 32.78 46.23 20.19 28.61 26.13 29.69 22.72 32.85 45.28 33.62
 27.17 13.72 18.36 37.35 37.01 15.24 17.39 33.89 17.36 45.29 13.65 43.3
 19.26 41.86 29.43 29.64 21.19 37.12 13.72 14.91 20.03 27.84 33.87 30.02
 33.78 43.33 34.94 14.27 37.2  16.77 11.67 31.6  11.73 11.74 16.78 13.87
 30.17 35.62 35.04 27.76 35.73 37.26 17.38 19.48 15.18 14.89 40.36 36.38
 16.54 16.88 16.06 27.69 29.53 34.11 35.29 13.72 25.64 15.44 34.33 32.88
 15.14 24.8  36.86 15.44 33.84 28.77 15.8  27.87 25.72 32.25 13.87 14.97
 13.59 15.59 28.68 37.45 34.43 15.77 19.32 29.88 14.3  15.95 36.44 39.66
 31.28 17.63 14.12 14.28 39.55 29.49 13.71 29.52 28.38 17.21 41.68 16.43
 17.02 15.5  33.78 31.14 26.44 20.48 17.03 17.37 14.86 13.36 16.62 27.3
 33.91 14.54 10.9  15.3  29.36 21.4  20.28 34.25 26.18 16.9  21.33 13.2
 15.14 17.85 17.27 22.25 32.54 39.56 14.72 22.07 14.28 20.29 29.59 37.19
 39.92 15.   13.53 30.89 33.14 36.87 35.92 27.89 28.61 33.23]
Test Prediction: [17.66791577 16.10688415 33.31677248 41.45661972 18.43636229 25.98628253
 26.91064638 30.28210062 20.89260498 31.12687251 39.61629604 33.91187389
 28.91051525 13.81575706 17.40144109 37.30376057 37.1003748  15.20723352
 16.94568809 34.67309326 18.0914682  41.75148956 15.44029826 37.27182157
 17.34931722 37.03518543 30.0517993  31.07818835 19.49083073 32.94440673
 14.29048698 15.35929138 18.78255793 30.04467778 34.78574601 30.59843576
 33.83737792 38.12126863 36.88926468 14.93168382 37.39612919 17.07975777
 11.55309531 33.53150582 11.49462816 11.27374007 14.43751786 14.74314673
 29.52641453 33.73092088 35.60904583 28.14765537 36.74226061 40.8965149
 18.64443947 17.70109661 15.57474614 16.10759842 40.29666818 37.93991845
 16.33359857 17.38481618 15.57067896 27.02442981 29.72531469 34.37411213
 38.61204322 15.14999414 26.29547843 15.22595793 30.96273084 32.99028787
 14.73064726 27.23017259 33.52988504 15.84137626 30.71935274 27.32569697
 15.61553646 23.20323319 26.50842575 33.876824   14.54446018 14.57210417
 14.81247551 14.59431985 26.12585084 38.16748322 38.809109   17.15031142
 18.05596924 28.14132056 14.84718565 15.24640306 37.4008284  39.20570782
 29.18272913 17.16246277 14.06488274 14.68476472 40.89919615 30.60549198
 14.43637527 30.84377292 31.63117935 18.76429675 37.35608629 17.01358542
 16.57095612 16.14345063 34.57204764 30.52683787 27.51641591 19.17772233
 17.41433358 17.19020182 14.27215904 14.01444362 16.3392844  23.80034053
 30.12196078 14.04817771 10.9039577  16.98867508 31.2877578  19.2173552
 19.01212302 33.53406349 26.48871472 16.76915683 20.17875638 13.47177013
 16.84352302 17.32806208 17.10975176 20.21594694 31.61072718 43.0248005
 15.24664075 20.31050945 14.57423554 18.72034642 29.920908   32.77880741
 36.11393286 14.81085473 13.95928834 29.28744111 35.31726924 37.73996781
 37.58180425 32.03973479 32.36784018 33.03131588]
MAPE: 5.22%
Coefficients Separable:  [-16.1704537   -2.74700698  -2.30199256  -1.87223732   0.47928724
   0.14515206  -2.23989097  -0.17191931   0.86770044]
Intercept Separable: 19.11000038344115
Mean Squared Separable Error: 3.686118387421423
