Real values: [0.1203094  0.53319011 0.41118999 0.22984912 0.34321577 0.22465143
 0.32320178 0.23407251 0.34804032 0.57639946 0.20544002 0.19301794
 0.2787128  0.6044541  0.35794921 0.51026539 0.25914438 0.4436867
 0.68780681 0.38614811 0.15243517 0.59939511 0.45229208 0.3202137
 0.16450936 0.08545644 0.19993933 0.18967583 0.54491169 0.58129103
 0.49714272 0.27995592 0.87337274 0.4869192  0.8084117  0.42420809
 0.6143258  0.63460861 0.35894315 0.40227776 0.44472565 0.68504238
 0.76846274 0.73619414 0.45761291 0.23163864 0.51205725 0.2461786
 0.63892541 0.26477124 0.15529245 0.234074   0.40709306 0.15450033
 0.49095192 0.17903181 0.54625593 0.71777182 0.72420951 0.25658043
 0.56566879 0.82601658 0.19460376 0.39263941 0.21501503 0.30215241
 0.29023758 0.21694256 0.72542734 0.83717485 0.66985249 0.55214361
 0.17413228 0.80095029 0.21553105 0.22389055 0.69923921 0.18606092
 0.44440188 0.23229464 0.37607661 0.50804062 0.6552718  0.20861063
 0.53767082 0.16676891 0.63180648 0.44342055 0.53606451 0.55704996
 0.48988719 0.22066434 0.62051215 0.56456268 0.13612151 0.45044843
 1.         0.3212187  0.17758304 0.24790234 0.767516   0.74491465
 0.10370673 0.6951737  0.22910531 0.37042353 0.69022506 0.33805486
 0.27069376 0.69044394 0.56999703 0.35221671 0.22649579 0.58739025
 0.24290293 0.17451896 0.82188862 0.74413748 0.26981554 0.66406499
 0.89105793 0.29091668 0.21738962 0.7836909  0.9065737  0.34957808
 0.65115556 0.27728168 0.67923814 0.5442935  0.46770013 0.71464531
 0.70954582 0.18738647 0.26227059 0.16293215 0.62228146 0.44849944
 0.22512449 0.10514228 0.15775795 0.38929543 0.94458917 0.2358878
 0.14445321 0.86498859 0.27996225 0.69354658 0.27683802 0.21707257
 0.44490436 0.48478002 0.22953589 0.57865993 0.24821083 0.43907348
 0.17933722 0.29370926 0.47278675 0.17794824 0.19205751 0.38180074
 0.19027221 0.27826604 0.18139936 0.76424588 0.05625857 0.22116443
 0.20053622 0.39488973 0.27761579 0.10670768 0.56953355 0.26085496
 0.15180579 0.67373962 0.57696179 0.28575199 0.50051922 0.40878068
 0.13612194 0.46958031 0.21289883 0.14205316 0.06684253 0.57966092
 0.61635972 0.20236585 0.59162771 0.76242608 0.63486166 0.8509118
 0.90562244 0.51995194 0.45540414 0.24339329 0.14428501 0.15328725
 0.39020743 0.23365566]
Test Prediction: [0.15627168 0.49257682 0.41232767 0.20703225 0.34637503 0.24827117
 0.29693616 0.18539644 0.33739305 0.64834356 0.22197941 0.10690004
 0.26126412 0.61530245 0.36614704 0.47570631 0.234949   0.45464925
 0.74885863 0.39190455 0.15496956 0.60478939 0.44917447 0.30028617
 0.13592749 0.16095263 0.18772912 0.19564785 0.55104098 0.58129602
 0.52675817 0.24461104 0.8823189  0.52403755 0.8357625  0.44192714
 0.55170666 0.69905544 0.3556328  0.41271197 0.48674903 0.70195882
 0.81786988 0.75864535 0.4796004  0.19862392 0.50230757 0.21398173
 0.67925312 0.21699988 0.19345535 0.21917234 0.42678505 0.16531323
 0.51850157 0.2014323  0.51910323 0.64683334 0.65293033 0.25790749
 0.61139727 0.81144303 0.15563492 0.38792806 0.2552763  0.32353879
 0.29669669 0.23226083 0.69966688 0.86220296 0.73285198 0.57517302
 0.15971031 0.81120186 0.25241368 0.2647592  0.62208556 0.2378679
 0.47067389 0.22321315 0.3744165  0.50931034 0.72200929 0.20874455
 0.54170075 0.167304   0.55851301 0.45965948 0.53578216 0.62705408
 0.55643139 0.23203566 0.62297949 0.57265795 0.20649854 0.49932701
 0.9802638  0.29873436 0.21238122 0.26877676 0.82974907 0.70322308
 0.09932924 0.75067137 0.25652089 0.36756718 0.69066316 0.33816021
 0.27789679 0.76534543 0.54715399 0.35162371 0.17455611 0.56913616
 0.2716978  0.20297239 0.78930828 0.699243   0.25269678 0.69692281
 0.81810702 0.28333174 0.25477293 0.76603891 0.91790372 0.34798335
 0.6984632  0.2248762  0.72124487 0.56244858 0.50781817 0.71525727
 0.64206154 0.10812038 0.23172769 0.17248478 0.64837437 0.48571185
 0.26861326 0.14645998 0.21543386 0.39954251 0.95260345 0.21731795
 0.17706919 0.90285301 0.2846633  0.62659291 0.29905424 0.25310907
 0.46676839 0.50625085 0.25738637 0.65050583 0.20027994 0.42125813
 0.16346713 0.31417229 0.51690185 0.22523586 0.23752913 0.38287474
 0.19788081 0.27273006 0.21325671 0.78223357 0.11031487 0.25860055
 0.22234305 0.39486069 0.23190422 0.17463534 0.565295   0.22051962
 0.18084303 0.6501258  0.5677204  0.24196796 0.50056268 0.41092595
 0.1596934  0.5270135  0.25315008 0.11483559 0.12430258 0.63675992
 0.66878137 0.19836933 0.63350994 0.74360024 0.71265769 0.78106343
 0.84144662 0.53854983 0.47141299 0.20457083 0.17563663 0.15997588
 0.38969773 0.17932698]
MAPE: 10.24%
Coefficients Separable:  [-0.00209643  0.02603697 -0.0015659   0.03007194  0.01692914 -0.00892808
 -0.01715111  0.06183882  0.05875081]
Intercept Separable: -1.0958856806317898
Mean Squared Separable Error: 0.0013522006108258626
