Real values: [0.4926775  0.64588693 0.26508849 0.07053978 0.79190363 0.13793073
 0.09774069 0.56060728 0.07815138 0.77617204 0.67727314 0.21316062
 0.65190174 0.69656887 0.57827937 0.28643033 0.17458169 0.72920101
 0.33479944 0.08980507 0.12882795 0.45450135 0.16007812 0.14876455
 0.39603595 0.45054697 0.57717665 0.70460473 0.69276844 0.18066095
 0.29039904 0.58304647 0.30382853 0.27229016 0.14239887 0.62800181
 0.31273797 0.37026893 0.88927198 0.11859919 0.59805664 0.43728037
 0.19229675 0.34811079 0.44261136 0.18104583 0.90647505 0.86966476
 1.         0.08350026 0.60628942 0.32301328 0.03319066 0.24166116
 0.74262156 0.22479642 0.25938337 0.01396833 0.93878497 0.47066795
 0.1626559  0.83122009 0.79118221 0.00151623 0.46739381 0.44038803
 0.49683417 0.66216809]
Test Prediction: [ 0.51217223  0.64888466  0.29509525  0.12212318  0.78125937  0.18173463
  0.04544738  0.60102113  0.16998672  0.77168666  0.66803008  0.18894384
  0.6330615   0.66431031  0.67595959  0.28759241  0.15065301  0.74296854
  0.32033859  0.08600756  0.16258922  0.46430869  0.15506056  0.14548786
  0.39729974  0.47950738  0.61059383  0.67016325  0.67760278  0.14742323
  0.31308074  0.58172319  0.32381337  0.27247506  0.19130734  0.66242213
  0.36091512  0.39920595  0.83869561  0.0741655   0.64327671  0.47904656
  0.2111049   0.36417407  0.44516328  0.19195948  0.84826832  0.80204798
  0.90570457  0.02630196  0.59730136  0.32071808 -0.03178642  0.21766197
  0.72943108  0.21249681  0.27478992 -0.03104013  0.86741374  0.48345411
  0.24874359  0.77332986  0.7581492  -0.07964996  0.52151797  0.44160735
  0.48947089  0.65845737]
MAPE: 98.09%
Coefficients Separable:  [-6.04167499 -0.23711232  2.06521871  0.37956956]
Intercept Separable: 3.6262294205344494
Mean Squared Separable Error: 0.0015904878168625672
