Test percentage: 0.2
Validation percentage: 0.2
Activation function: sigmoid
Learning rate: 0.1
Momentum: 0.7
Epochs: 100
Real values: [0.1203093992851844, 0.5331901082497543, 0.4111899899645726, 0.2298491245547969, 0.3432157696403239, 0.224651427823689, 0.3232017780876171, 0.2340725099377878, 0.3480403198711717, 0.576399459403237, 0.2054400198074082, 0.1930179413444166, 0.2787127966396401, 0.6044541003147943, 0.3579492062146512, 0.5102653949577131, 0.2591443797229627, 0.4436867028072352, 0.6878068147111708, 0.3861481077131384, 0.1524351720907955, 0.5993951089522812, 0.4522920786011579, 0.320213698848286, 0.164509364459447, 0.085456440917582, 0.1999393284260671, 0.189675831983365, 0.5449116917231079, 0.5812910264641787, 0.4971427189643499, 0.2799559194693528, 0.8733727378662495, 0.48691919681158, 0.8084116989307436, 0.4242080862640412, 0.6143258021282898, 0.6346086104378093, 0.3589431511496554, 0.4022777641666479, 0.4447256478321064, 0.6850423805460548, 0.7684627407087823, 0.7361941385596489, 0.457612912231705, 0.2316386401883997, 0.5120572478680498, 0.2461786017803217, 0.6389254075840871, 0.2647712371044325, 0.1552924456877971, 0.2340739967784256, 0.4070930573401319, 0.154500330434106, 0.4909519216885796, 0.1790318099602673, 0.546255934178584, 0.7177718238682939, 0.7242095142771194, 0.2565804266210602, 0.5656687914678377, 0.8260165837877879, 0.1946037553652324, 0.3926394081364028, 0.2150150258760489, 0.3021524097497535, 0.2902375816846486, 0.2169425601516917, 0.7254273437456245, 0.8371748518576908, 0.6698524911863892, 0.5521436084207515, 0.1741322764919473, 0.8009502939966863, 0.2155310508564025, 0.223890548137084, 0.6992392061690326, 0.1860609199352951, 0.4444018841193589, 0.2322946352261536, 0.3760766134004196, 0.5080406228345856, 0.6552718046233839, 0.2086106270649272, 0.5376708213227104, 0.166768911405318, 0.63180647957249, 0.4434205516353204, 0.5360645134397425, 0.5570499583584304, 0.4898871859503066, 0.2206643444792265, 0.6205121493733083, 0.5645626839220499, 0.1361215142924992, 0.4504484312993609, 1.0000000000000002, 0.3212186972594721, 0.1775830427561338, 0.2479023400227215, 0.7675159975258132, 0.7449146459038626, 0.1037067296585813, 0.6951737002049295, 0.2291053086538956, 0.3704235320264942, 0.6902250612832547, 0.3380548613237533, 0.2706937555769731, 0.6904439407027838, 0.5699970343530577, 0.3522167143329885, 0.22649579314771, 0.5873902466259848, 0.2429029267231616, 0.1745189626959113, 0.8218886234042451, 0.74413748316366, 0.269815540484841, 0.6640649943806776, 0.8910579322702494, 0.2909166834172833, 0.2173896223396241, 0.7836908979146106, 0.906573697859592, 0.3495780799256932, 0.6511555587777583, 0.2772816779404805, 0.6792381447064774, 0.5442934964004679, 0.4677001320253733, 0.7146453112600366, 0.7095458183229865, 0.1873864749644219, 0.262270587613352, 0.1629321470862527, 0.6222814614002344, 0.4484994362557926, 0.2251244882366466, 0.1051422787694274, 0.1577579459935483, 0.3892954309929244, 0.9445891669750748, 0.2358878019409442, 0.1444532097574133, 0.864988589615384, 0.2799622450471764, 0.6935465767308486, 0.2768380152445928, 0.2170725720813251, 0.444904357363772, 0.4847800191729657, 0.229535889760143, 0.5786599279117246, 0.2482108348275087, 0.4390734784187173, 0.1793372172813462, 0.2937092571898667, 0.4727867478022573, 0.1779482425866249, 0.1920575054171803, 0.3818007358244215, 0.1902722139283546, 0.2782660372135965, 0.1813993630608832, 0.764245880472777, 0.0562585735444681, 0.2211644281689131, 0.2005362196369431, 0.3948897261198856, 0.2776157923993879, 0.1067076792417869, 0.5695335476882962, 0.2608549634117666, 0.1518057936046178, 0.6737396248770776, 0.5769617865629584, 0.2857519924738113, 0.5005192232139816, 0.4087806778910823, 0.1361219434225059, 0.4695803148869275, 0.2128988337801422, 0.1420531569343546, 0.0668425344369947, 0.5796609171580417, 0.6163597194514809, 0.202365850035356, 0.5916277131040447, 0.762426083552904, 0.6348616649056981, 0.8509117953301468, 0.9056224363644114, 0.5199519395611925, 0.4554041438720382, 0.2433932933447134, 0.1442850056128175, 0.15328725174299, 0.3902074281001187, 0.2336556586208704]
Test Prediction: [0.17917179 0.50035706 0.40273984 0.20721093 0.2901722  0.17039428
 0.25631083 0.2059683  0.32550785 0.60574022 0.24577013 0.14995628
 0.27203246 0.63277008 0.3150168  0.4792807  0.18932597 0.37980583
 0.6988885  0.34156155 0.18586295 0.55476133 0.4434613  0.31281794
 0.1739671  0.15915475 0.21725313 0.15786685 0.579631   0.60201945
 0.46982084 0.25172897 0.81691663 0.54559318 0.76072497 0.4441497
 0.57038836 0.71300523 0.30128771 0.40941917 0.4963397  0.73841684
 0.81286055 0.76666957 0.47995291 0.18472311 0.43801658 0.17789222
 0.7078043  0.24263914 0.18265575 0.17541625 0.43077775 0.16534343
 0.52711854 0.188318   0.53558969 0.60994434 0.66792743 0.21503958
 0.62736054 0.80614228 0.1769491  0.37894395 0.21511286 0.26457458
 0.2374431  0.24964167 0.73461891 0.81920539 0.75863531 0.53024839
 0.16187991 0.79155683 0.18565094 0.28083548 0.64259167 0.19164572
 0.46995054 0.22106258 0.36545685 0.51812632 0.67379897 0.18088949
 0.5529704  0.19964517 0.59403721 0.4585865  0.55027745 0.58633952
 0.50896967 0.25026794 0.64605019 0.60495704 0.21529717 0.43915873
 0.85591104 0.2373952  0.20219116 0.28027612 0.7629802  0.65060292
 0.14417132 0.75891119 0.2693774  0.35962558 0.71433796 0.28664953
 0.28617043 0.71320408 0.55620005 0.36834102 0.14411699 0.58555459
 0.28607655 0.22758062 0.77872302 0.73491152 0.26123125 0.71261711
 0.80951074 0.2961563  0.27268452 0.77264121 0.82778935 0.29172762
 0.66008186 0.20109364 0.6938369  0.50640278 0.51562005 0.73175847
 0.65087412 0.14722808 0.1818559  0.16724538 0.60817857 0.4928739
 0.18752286 0.1618279  0.23883297 0.39425284 0.88329894 0.18985226
 0.17425588 0.84454998 0.30505787 0.66476029 0.26251262 0.2496445
 0.39631519 0.4545087  0.17205062 0.68164388 0.15881858 0.37917203
 0.19343597 0.252986   0.53094141 0.25242883 0.21136281 0.37359857
 0.20764887 0.19965557 0.18626627 0.72660439 0.14057255 0.27160652
 0.21183025 0.39072558 0.17566503 0.19484579 0.59779511 0.24506873
 0.20412389 0.66499015 0.52045925 0.26620321 0.432558   0.40790078
 0.17629873 0.54401804 0.27195216 0.14395888 0.15117654 0.65160652
 0.6977195  0.21540047 0.63993532 0.69565576 0.71754819 0.71806794
 0.82492099 0.55256084 0.4795742  0.21374294 0.20545186 0.1903039
 0.38627971 0.20817002]
MAPE: 13.70%
