Test percentage: 0.2
Validation percentage: 0.2
Activation function: sigmoid
Learning rate: 0.3
Momentum: 0.3
Epochs: 100
Real values: [0.1203093992851844, 0.5331901082497543, 0.4111899899645726, 0.2298491245547969, 0.3432157696403239, 0.224651427823689, 0.3232017780876171, 0.2340725099377878, 0.3480403198711717, 0.576399459403237, 0.2054400198074082, 0.1930179413444166, 0.2787127966396401, 0.6044541003147943, 0.3579492062146512, 0.5102653949577131, 0.2591443797229627, 0.4436867028072352, 0.6878068147111708, 0.3861481077131384, 0.1524351720907955, 0.5993951089522812, 0.4522920786011579, 0.320213698848286, 0.164509364459447, 0.085456440917582, 0.1999393284260671, 0.189675831983365, 0.5449116917231079, 0.5812910264641787, 0.4971427189643499, 0.2799559194693528, 0.8733727378662495, 0.48691919681158, 0.8084116989307436, 0.4242080862640412, 0.6143258021282898, 0.6346086104378093, 0.3589431511496554, 0.4022777641666479, 0.4447256478321064, 0.6850423805460548, 0.7684627407087823, 0.7361941385596489, 0.457612912231705, 0.2316386401883997, 0.5120572478680498, 0.2461786017803217, 0.6389254075840871, 0.2647712371044325, 0.1552924456877971, 0.2340739967784256, 0.4070930573401319, 0.154500330434106, 0.4909519216885796, 0.1790318099602673, 0.546255934178584, 0.7177718238682939, 0.7242095142771194, 0.2565804266210602, 0.5656687914678377, 0.8260165837877879, 0.1946037553652324, 0.3926394081364028, 0.2150150258760489, 0.3021524097497535, 0.2902375816846486, 0.2169425601516917, 0.7254273437456245, 0.8371748518576908, 0.6698524911863892, 0.5521436084207515, 0.1741322764919473, 0.8009502939966863, 0.2155310508564025, 0.223890548137084, 0.6992392061690326, 0.1860609199352951, 0.4444018841193589, 0.2322946352261536, 0.3760766134004196, 0.5080406228345856, 0.6552718046233839, 0.2086106270649272, 0.5376708213227104, 0.166768911405318, 0.63180647957249, 0.4434205516353204, 0.5360645134397425, 0.5570499583584304, 0.4898871859503066, 0.2206643444792265, 0.6205121493733083, 0.5645626839220499, 0.1361215142924992, 0.4504484312993609, 1.0000000000000002, 0.3212186972594721, 0.1775830427561338, 0.2479023400227215, 0.7675159975258132, 0.7449146459038626, 0.1037067296585813, 0.6951737002049295, 0.2291053086538956, 0.3704235320264942, 0.6902250612832547, 0.3380548613237533, 0.2706937555769731, 0.6904439407027838, 0.5699970343530577, 0.3522167143329885, 0.22649579314771, 0.5873902466259848, 0.2429029267231616, 0.1745189626959113, 0.8218886234042451, 0.74413748316366, 0.269815540484841, 0.6640649943806776, 0.8910579322702494, 0.2909166834172833, 0.2173896223396241, 0.7836908979146106, 0.906573697859592, 0.3495780799256932, 0.6511555587777583, 0.2772816779404805, 0.6792381447064774, 0.5442934964004679, 0.4677001320253733, 0.7146453112600366, 0.7095458183229865, 0.1873864749644219, 0.262270587613352, 0.1629321470862527, 0.6222814614002344, 0.4484994362557926, 0.2251244882366466, 0.1051422787694274, 0.1577579459935483, 0.3892954309929244, 0.9445891669750748, 0.2358878019409442, 0.1444532097574133, 0.864988589615384, 0.2799622450471764, 0.6935465767308486, 0.2768380152445928, 0.2170725720813251, 0.444904357363772, 0.4847800191729657, 0.229535889760143, 0.5786599279117246, 0.2482108348275087, 0.4390734784187173, 0.1793372172813462, 0.2937092571898667, 0.4727867478022573, 0.1779482425866249, 0.1920575054171803, 0.3818007358244215, 0.1902722139283546, 0.2782660372135965, 0.1813993630608832, 0.764245880472777, 0.0562585735444681, 0.2211644281689131, 0.2005362196369431, 0.3948897261198856, 0.2776157923993879, 0.1067076792417869, 0.5695335476882962, 0.2608549634117666, 0.1518057936046178, 0.6737396248770776, 0.5769617865629584, 0.2857519924738113, 0.5005192232139816, 0.4087806778910823, 0.1361219434225059, 0.4695803148869275, 0.2128988337801422, 0.1420531569343546, 0.0668425344369947, 0.5796609171580417, 0.6163597194514809, 0.202365850035356, 0.5916277131040447, 0.762426083552904, 0.6348616649056981, 0.8509117953301468, 0.9056224363644114, 0.5199519395611925, 0.4554041438720382, 0.2433932933447134, 0.1442850056128175, 0.15328725174299, 0.3902074281001187, 0.2336556586208704]
Test Prediction: [0.1759842  0.50431226 0.40387709 0.2087082  0.29679307 0.16797725
 0.25757878 0.20382652 0.32908977 0.61041628 0.24526369 0.14564246
 0.27479672 0.62841803 0.3164941  0.48159327 0.19066067 0.38142658
 0.69188338 0.34564415 0.18679467 0.55212902 0.44206475 0.31484798
 0.17312394 0.15396201 0.21667878 0.15353138 0.58317303 0.60146114
 0.47342834 0.2565778  0.814238   0.54804312 0.74458122 0.4482126
 0.56623924 0.71015325 0.30691399 0.4175655  0.49799891 0.72889168
 0.80644289 0.76272078 0.48429998 0.18369532 0.43908951 0.17527179
 0.70439779 0.23965021 0.18183667 0.17119027 0.4395225  0.16256185
 0.5310741  0.19001468 0.53183879 0.61126439 0.65556359 0.21526416
 0.61952678 0.79857418 0.17609643 0.38113776 0.21573134 0.27099449
 0.24104401 0.25340187 0.73231193 0.81448216 0.75009476 0.52500071
 0.1594577  0.78732194 0.1866961  0.28242727 0.64167827 0.18959032
 0.46787019 0.2265136  0.36965186 0.51308892 0.66882748 0.17743434
 0.54756937 0.20034101 0.59702662 0.46271894 0.54901497 0.5818738
 0.51322522 0.25059913 0.63880208 0.60776948 0.21543144 0.44510948
 0.84975506 0.24236634 0.20179429 0.28815264 0.76020573 0.63431033
 0.13925109 0.75550574 0.27329296 0.3602984  0.70242825 0.29092048
 0.28612457 0.70999052 0.55115459 0.36998562 0.13782505 0.5815683
 0.28705564 0.22679412 0.77512709 0.72498008 0.26622083 0.70513854
 0.80607919 0.29854023 0.27010507 0.76327073 0.82032101 0.29640453
 0.65540463 0.1989698  0.68627423 0.50370525 0.51253689 0.72143215
 0.64836322 0.14201197 0.18121427 0.16684566 0.60472735 0.49611215
 0.18911443 0.15908712 0.23727175 0.39735334 0.87668396 0.1877525
 0.17151836 0.83941637 0.30678649 0.65730085 0.26019986 0.25518544
 0.39545572 0.46096308 0.1704449  0.67101163 0.15486871 0.3809089
 0.18979215 0.26094526 0.52820956 0.24850416 0.21201807 0.37400073
 0.21096502 0.20093315 0.18448764 0.72248576 0.13401975 0.27635408
 0.21747707 0.38997791 0.17626774 0.19683356 0.59559368 0.24583054
 0.20072829 0.65969725 0.52368733 0.25834735 0.43393552 0.40694445
 0.1701987  0.54106044 0.27244363 0.13859075 0.14657423 0.63729003
 0.69715189 0.2170483  0.6337217  0.69315273 0.71054216 0.70588511
 0.81822337 0.54901463 0.48379678 0.21679967 0.20247319 0.18541058
 0.39417989 0.20511872]
MAPE: 13.53%
