Test percentage: 0.2
Validation percentage: 0.2
Activation function: sigmoid
Learning rate: 0.5
Momentum: 0.3
Epochs: 50
Real values: [0.1203093992851844, 0.5331901082497543, 0.4111899899645726, 0.2298491245547969, 0.3432157696403239, 0.224651427823689, 0.3232017780876171, 0.2340725099377878, 0.3480403198711717, 0.576399459403237, 0.2054400198074082, 0.1930179413444166, 0.2787127966396401, 0.6044541003147943, 0.3579492062146512, 0.5102653949577131, 0.2591443797229627, 0.4436867028072352, 0.6878068147111708, 0.3861481077131384, 0.1524351720907955, 0.5993951089522812, 0.4522920786011579, 0.320213698848286, 0.164509364459447, 0.085456440917582, 0.1999393284260671, 0.189675831983365, 0.5449116917231079, 0.5812910264641787, 0.4971427189643499, 0.2799559194693528, 0.8733727378662495, 0.48691919681158, 0.8084116989307436, 0.4242080862640412, 0.6143258021282898, 0.6346086104378093, 0.3589431511496554, 0.4022777641666479, 0.4447256478321064, 0.6850423805460548, 0.7684627407087823, 0.7361941385596489, 0.457612912231705, 0.2316386401883997, 0.5120572478680498, 0.2461786017803217, 0.6389254075840871, 0.2647712371044325, 0.1552924456877971, 0.2340739967784256, 0.4070930573401319, 0.154500330434106, 0.4909519216885796, 0.1790318099602673, 0.546255934178584, 0.7177718238682939, 0.7242095142771194, 0.2565804266210602, 0.5656687914678377, 0.8260165837877879, 0.1946037553652324, 0.3926394081364028, 0.2150150258760489, 0.3021524097497535, 0.2902375816846486, 0.2169425601516917, 0.7254273437456245, 0.8371748518576908, 0.6698524911863892, 0.5521436084207515, 0.1741322764919473, 0.8009502939966863, 0.2155310508564025, 0.223890548137084, 0.6992392061690326, 0.1860609199352951, 0.4444018841193589, 0.2322946352261536, 0.3760766134004196, 0.5080406228345856, 0.6552718046233839, 0.2086106270649272, 0.5376708213227104, 0.166768911405318, 0.63180647957249, 0.4434205516353204, 0.5360645134397425, 0.5570499583584304, 0.4898871859503066, 0.2206643444792265, 0.6205121493733083, 0.5645626839220499, 0.1361215142924992, 0.4504484312993609, 1.0000000000000002, 0.3212186972594721, 0.1775830427561338, 0.2479023400227215, 0.7675159975258132, 0.7449146459038626, 0.1037067296585813, 0.6951737002049295, 0.2291053086538956, 0.3704235320264942, 0.6902250612832547, 0.3380548613237533, 0.2706937555769731, 0.6904439407027838, 0.5699970343530577, 0.3522167143329885, 0.22649579314771, 0.5873902466259848, 0.2429029267231616, 0.1745189626959113, 0.8218886234042451, 0.74413748316366, 0.269815540484841, 0.6640649943806776, 0.8910579322702494, 0.2909166834172833, 0.2173896223396241, 0.7836908979146106, 0.906573697859592, 0.3495780799256932, 0.6511555587777583, 0.2772816779404805, 0.6792381447064774, 0.5442934964004679, 0.4677001320253733, 0.7146453112600366, 0.7095458183229865, 0.1873864749644219, 0.262270587613352, 0.1629321470862527, 0.6222814614002344, 0.4484994362557926, 0.2251244882366466, 0.1051422787694274, 0.1577579459935483, 0.3892954309929244, 0.9445891669750748, 0.2358878019409442, 0.1444532097574133, 0.864988589615384, 0.2799622450471764, 0.6935465767308486, 0.2768380152445928, 0.2170725720813251, 0.444904357363772, 0.4847800191729657, 0.229535889760143, 0.5786599279117246, 0.2482108348275087, 0.4390734784187173, 0.1793372172813462, 0.2937092571898667, 0.4727867478022573, 0.1779482425866249, 0.1920575054171803, 0.3818007358244215, 0.1902722139283546, 0.2782660372135965, 0.1813993630608832, 0.764245880472777, 0.0562585735444681, 0.2211644281689131, 0.2005362196369431, 0.3948897261198856, 0.2776157923993879, 0.1067076792417869, 0.5695335476882962, 0.2608549634117666, 0.1518057936046178, 0.6737396248770776, 0.5769617865629584, 0.2857519924738113, 0.5005192232139816, 0.4087806778910823, 0.1361219434225059, 0.4695803148869275, 0.2128988337801422, 0.1420531569343546, 0.0668425344369947, 0.5796609171580417, 0.6163597194514809, 0.202365850035356, 0.5916277131040447, 0.762426083552904, 0.6348616649056981, 0.8509117953301468, 0.9056224363644114, 0.5199519395611925, 0.4554041438720382, 0.2433932933447134, 0.1442850056128175, 0.15328725174299, 0.3902074281001187, 0.2336556586208704]
Test Prediction: [0.19056252 0.5320045  0.42485118 0.21561564 0.30121073 0.18106354
 0.26781959 0.21720728 0.34419523 0.63988003 0.2577577  0.16027492
 0.28577602 0.65973825 0.33077961 0.50997677 0.20075678 0.39891732
 0.71794859 0.35596213 0.19480612 0.58395253 0.46562371 0.32661241
 0.18316048 0.1705658  0.22555225 0.16944088 0.61188882 0.6343152
 0.50286492 0.26483784 0.83404383 0.57740398 0.78434036 0.47492604
 0.59493057 0.7421781  0.31838617 0.43293567 0.52666677 0.7528928
 0.83261848 0.78986942 0.51408194 0.19309573 0.46610984 0.18940193
 0.73790252 0.25501875 0.1929756  0.18665442 0.45716201 0.1772208
 0.56030749 0.20105226 0.55937216 0.64535698 0.6870723  0.22517478
 0.64911523 0.82351958 0.18795021 0.40030088 0.22598645 0.2807146
 0.2489092  0.26223627 0.75485721 0.83683286 0.78062605 0.53838922
 0.17471505 0.81186728 0.19899083 0.29278958 0.67454925 0.2032913
 0.49639044 0.23519842 0.38739111 0.53643852 0.69796505 0.19133974
 0.57999994 0.20643327 0.6242122  0.4834657  0.57964064 0.61594309
 0.53474497 0.26312356 0.67243757 0.63731875 0.22664148 0.46895916
 0.87188653 0.2503429  0.21099385 0.29668514 0.78998012 0.67949394
 0.15386465 0.7857906  0.28199381 0.37839777 0.74074072 0.30091665
 0.29911407 0.74232212 0.5807733  0.38600358 0.15561218 0.61239261
 0.29937005 0.23792161 0.80207821 0.75125036 0.2741383  0.74307379
 0.83285037 0.3123472  0.28594799 0.79298461 0.84517604 0.30836608
 0.69302744 0.20962085 0.71648991 0.53331401 0.53938623 0.75409309
 0.68191126 0.15793083 0.19290761 0.18087969 0.63830228 0.52376408
 0.20165594 0.17358206 0.24845749 0.4184895  0.89254052 0.20042263
 0.1856573  0.8629014  0.31916092 0.68060508 0.27359301 0.26185113
 0.41665127 0.48509366 0.18336926 0.70678545 0.1701722  0.39360541
 0.20434905 0.26988519 0.55738494 0.26264379 0.21698787 0.39276521
 0.2201809  0.20975883 0.19646321 0.75327886 0.15242167 0.28606498
 0.22730653 0.41362569 0.18845052 0.2051449  0.61524951 0.253404
 0.2155526  0.69499159 0.55102165 0.27718093 0.45874314 0.42687098
 0.18670096 0.57063361 0.28598434 0.15527505 0.16260369 0.6722116
 0.72181974 0.22746086 0.66804139 0.72593926 0.73348577 0.75390533
 0.84299464 0.57823964 0.50652868 0.22558777 0.21610079 0.20080342
 0.41289322 0.21784016]
MAPE: 15.10%
