Test percentage: 0.2
Validation percentage: 0.2
Activation function: tanh
Learning rate: 0.1
Momentum: 0.7
Epochs: 100
Real values: [0.1203093992851844, 0.5331901082497543, 0.4111899899645726, 0.2298491245547969, 0.3432157696403239, 0.224651427823689, 0.3232017780876171, 0.2340725099377878, 0.3480403198711717, 0.576399459403237, 0.2054400198074082, 0.1930179413444166, 0.2787127966396401, 0.6044541003147943, 0.3579492062146512, 0.5102653949577131, 0.2591443797229627, 0.4436867028072352, 0.6878068147111708, 0.3861481077131384, 0.1524351720907955, 0.5993951089522812, 0.4522920786011579, 0.320213698848286, 0.164509364459447, 0.085456440917582, 0.1999393284260671, 0.189675831983365, 0.5449116917231079, 0.5812910264641787, 0.4971427189643499, 0.2799559194693528, 0.8733727378662495, 0.48691919681158, 0.8084116989307436, 0.4242080862640412, 0.6143258021282898, 0.6346086104378093, 0.3589431511496554, 0.4022777641666479, 0.4447256478321064, 0.6850423805460548, 0.7684627407087823, 0.7361941385596489, 0.457612912231705, 0.2316386401883997, 0.5120572478680498, 0.2461786017803217, 0.6389254075840871, 0.2647712371044325, 0.1552924456877971, 0.2340739967784256, 0.4070930573401319, 0.154500330434106, 0.4909519216885796, 0.1790318099602673, 0.546255934178584, 0.7177718238682939, 0.7242095142771194, 0.2565804266210602, 0.5656687914678377, 0.8260165837877879, 0.1946037553652324, 0.3926394081364028, 0.2150150258760489, 0.3021524097497535, 0.2902375816846486, 0.2169425601516917, 0.7254273437456245, 0.8371748518576908, 0.6698524911863892, 0.5521436084207515, 0.1741322764919473, 0.8009502939966863, 0.2155310508564025, 0.223890548137084, 0.6992392061690326, 0.1860609199352951, 0.4444018841193589, 0.2322946352261536, 0.3760766134004196, 0.5080406228345856, 0.6552718046233839, 0.2086106270649272, 0.5376708213227104, 0.166768911405318, 0.63180647957249, 0.4434205516353204, 0.5360645134397425, 0.5570499583584304, 0.4898871859503066, 0.2206643444792265, 0.6205121493733083, 0.5645626839220499, 0.1361215142924992, 0.4504484312993609, 1.0000000000000002, 0.3212186972594721, 0.1775830427561338, 0.2479023400227215, 0.7675159975258132, 0.7449146459038626, 0.1037067296585813, 0.6951737002049295, 0.2291053086538956, 0.3704235320264942, 0.6902250612832547, 0.3380548613237533, 0.2706937555769731, 0.6904439407027838, 0.5699970343530577, 0.3522167143329885, 0.22649579314771, 0.5873902466259848, 0.2429029267231616, 0.1745189626959113, 0.8218886234042451, 0.74413748316366, 0.269815540484841, 0.6640649943806776, 0.8910579322702494, 0.2909166834172833, 0.2173896223396241, 0.7836908979146106, 0.906573697859592, 0.3495780799256932, 0.6511555587777583, 0.2772816779404805, 0.6792381447064774, 0.5442934964004679, 0.4677001320253733, 0.7146453112600366, 0.7095458183229865, 0.1873864749644219, 0.262270587613352, 0.1629321470862527, 0.6222814614002344, 0.4484994362557926, 0.2251244882366466, 0.1051422787694274, 0.1577579459935483, 0.3892954309929244, 0.9445891669750748, 0.2358878019409442, 0.1444532097574133, 0.864988589615384, 0.2799622450471764, 0.6935465767308486, 0.2768380152445928, 0.2170725720813251, 0.444904357363772, 0.4847800191729657, 0.229535889760143, 0.5786599279117246, 0.2482108348275087, 0.4390734784187173, 0.1793372172813462, 0.2937092571898667, 0.4727867478022573, 0.1779482425866249, 0.1920575054171803, 0.3818007358244215, 0.1902722139283546, 0.2782660372135965, 0.1813993630608832, 0.764245880472777, 0.0562585735444681, 0.2211644281689131, 0.2005362196369431, 0.3948897261198856, 0.2776157923993879, 0.1067076792417869, 0.5695335476882962, 0.2608549634117666, 0.1518057936046178, 0.6737396248770776, 0.5769617865629584, 0.2857519924738113, 0.5005192232139816, 0.4087806778910823, 0.1361219434225059, 0.4695803148869275, 0.2128988337801422, 0.1420531569343546, 0.0668425344369947, 0.5796609171580417, 0.6163597194514809, 0.202365850035356, 0.5916277131040447, 0.762426083552904, 0.6348616649056981, 0.8509117953301468, 0.9056224363644114, 0.5199519395611925, 0.4554041438720382, 0.2433932933447134, 0.1442850056128175, 0.15328725174299, 0.3902074281001187, 0.2336556586208704]
Test Prediction: [0.25951209 0.52474858 0.47664218 0.31781925 0.38127229 0.27372513
 0.31934744 0.2835973  0.40975835 0.6117886  0.31601625 0.2092111
 0.33614646 0.62790493 0.36876049 0.51011259 0.26402155 0.44901853
 0.69564843 0.40524114 0.25352006 0.56012578 0.48349554 0.37925802
 0.23761248 0.24796849 0.28915495 0.23145749 0.58646902 0.60580065
 0.50429484 0.33472544 0.84312244 0.55748811 0.74992755 0.48692356
 0.57423791 0.716856   0.37388569 0.47869092 0.51882691 0.72551417
 0.83061819 0.78055962 0.51240836 0.29830998 0.47928868 0.25568076
 0.70581582 0.31611276 0.29179287 0.25652522 0.49077205 0.25643948
 0.5489865  0.30395633 0.5503527  0.60892799 0.65496406 0.30254711
 0.61850968 0.82129096 0.25271443 0.45002801 0.28612037 0.3421479
 0.33284089 0.31672341 0.73630327 0.83597084 0.75729515 0.55557146
 0.24774251 0.8107087  0.28216609 0.33660848 0.64121685 0.2760195
 0.50472386 0.3279219  0.43869196 0.54515655 0.68267404 0.25352903
 0.56001647 0.26338233 0.597056   0.50950857 0.56135567 0.58268575
 0.53699287 0.32087183 0.63510827 0.60618445 0.2996312  0.49087954
 0.88176405 0.33689244 0.30799462 0.36780021 0.78050187 0.6369748
 0.19569938 0.7773853  0.34424712 0.4327076  0.69947965 0.36433685
 0.34367662 0.71587138 0.56517128 0.42475653 0.20907051 0.58588199
 0.34378893 0.29817079 0.79908826 0.72398639 0.34829117 0.71125323
 0.83821234 0.35958212 0.33802234 0.77469712 0.84619253 0.36244968
 0.65190641 0.27108086 0.68177018 0.53078963 0.53290686 0.72316566
 0.6608196  0.20789867 0.26736843 0.26121772 0.60400648 0.5203122
 0.30169075 0.239204   0.31107358 0.45158941 0.90334545 0.26219481
 0.27221352 0.87889674 0.36822249 0.64704606 0.32564028 0.35141385
 0.45221009 0.49305862 0.28207077 0.66587122 0.23083953 0.43030663
 0.27208852 0.35015786 0.54857522 0.32428475 0.27414088 0.43736997
 0.28991213 0.31711009 0.25646544 0.74280881 0.20425034 0.3434739
 0.32883448 0.45037191 0.26184439 0.26583559 0.59512692 0.3086878
 0.28483338 0.67040005 0.5392722  0.33923069 0.48552774 0.45790803
 0.26293701 0.5544025  0.34785813 0.20634486 0.2187855  0.63729607
 0.69752543 0.29362735 0.64283386 0.6956624  0.72332824 0.71573817
 0.8442772  0.55924938 0.51879564 0.29906215 0.27901961 0.26720392
 0.45660592 0.2874998 ]
MAPE: 26.05%
