Test percentage: 0.2
Validation percentage: 0.2
Activation function: sigmoid
Learning rate: 0.3
Momentum: 0.3
Epochs: 50
Real values: [0.1203093992851844, 0.5331901082497543, 0.4111899899645726, 0.2298491245547969, 0.3432157696403239, 0.224651427823689, 0.3232017780876171, 0.2340725099377878, 0.3480403198711717, 0.576399459403237, 0.2054400198074082, 0.1930179413444166, 0.2787127966396401, 0.6044541003147943, 0.3579492062146512, 0.5102653949577131, 0.2591443797229627, 0.4436867028072352, 0.6878068147111708, 0.3861481077131384, 0.1524351720907955, 0.5993951089522812, 0.4522920786011579, 0.320213698848286, 0.164509364459447, 0.085456440917582, 0.1999393284260671, 0.189675831983365, 0.5449116917231079, 0.5812910264641787, 0.4971427189643499, 0.2799559194693528, 0.8733727378662495, 0.48691919681158, 0.8084116989307436, 0.4242080862640412, 0.6143258021282898, 0.6346086104378093, 0.3589431511496554, 0.4022777641666479, 0.4447256478321064, 0.6850423805460548, 0.7684627407087823, 0.7361941385596489, 0.457612912231705, 0.2316386401883997, 0.5120572478680498, 0.2461786017803217, 0.6389254075840871, 0.2647712371044325, 0.1552924456877971, 0.2340739967784256, 0.4070930573401319, 0.154500330434106, 0.4909519216885796, 0.1790318099602673, 0.546255934178584, 0.7177718238682939, 0.7242095142771194, 0.2565804266210602, 0.5656687914678377, 0.8260165837877879, 0.1946037553652324, 0.3926394081364028, 0.2150150258760489, 0.3021524097497535, 0.2902375816846486, 0.2169425601516917, 0.7254273437456245, 0.8371748518576908, 0.6698524911863892, 0.5521436084207515, 0.1741322764919473, 0.8009502939966863, 0.2155310508564025, 0.223890548137084, 0.6992392061690326, 0.1860609199352951, 0.4444018841193589, 0.2322946352261536, 0.3760766134004196, 0.5080406228345856, 0.6552718046233839, 0.2086106270649272, 0.5376708213227104, 0.166768911405318, 0.63180647957249, 0.4434205516353204, 0.5360645134397425, 0.5570499583584304, 0.4898871859503066, 0.2206643444792265, 0.6205121493733083, 0.5645626839220499, 0.1361215142924992, 0.4504484312993609, 1.0000000000000002, 0.3212186972594721, 0.1775830427561338, 0.2479023400227215, 0.7675159975258132, 0.7449146459038626, 0.1037067296585813, 0.6951737002049295, 0.2291053086538956, 0.3704235320264942, 0.6902250612832547, 0.3380548613237533, 0.2706937555769731, 0.6904439407027838, 0.5699970343530577, 0.3522167143329885, 0.22649579314771, 0.5873902466259848, 0.2429029267231616, 0.1745189626959113, 0.8218886234042451, 0.74413748316366, 0.269815540484841, 0.6640649943806776, 0.8910579322702494, 0.2909166834172833, 0.2173896223396241, 0.7836908979146106, 0.906573697859592, 0.3495780799256932, 0.6511555587777583, 0.2772816779404805, 0.6792381447064774, 0.5442934964004679, 0.4677001320253733, 0.7146453112600366, 0.7095458183229865, 0.1873864749644219, 0.262270587613352, 0.1629321470862527, 0.6222814614002344, 0.4484994362557926, 0.2251244882366466, 0.1051422787694274, 0.1577579459935483, 0.3892954309929244, 0.9445891669750748, 0.2358878019409442, 0.1444532097574133, 0.864988589615384, 0.2799622450471764, 0.6935465767308486, 0.2768380152445928, 0.2170725720813251, 0.444904357363772, 0.4847800191729657, 0.229535889760143, 0.5786599279117246, 0.2482108348275087, 0.4390734784187173, 0.1793372172813462, 0.2937092571898667, 0.4727867478022573, 0.1779482425866249, 0.1920575054171803, 0.3818007358244215, 0.1902722139283546, 0.2782660372135965, 0.1813993630608832, 0.764245880472777, 0.0562585735444681, 0.2211644281689131, 0.2005362196369431, 0.3948897261198856, 0.2776157923993879, 0.1067076792417869, 0.5695335476882962, 0.2608549634117666, 0.1518057936046178, 0.6737396248770776, 0.5769617865629584, 0.2857519924738113, 0.5005192232139816, 0.4087806778910823, 0.1361219434225059, 0.4695803148869275, 0.2128988337801422, 0.1420531569343546, 0.0668425344369947, 0.5796609171580417, 0.6163597194514809, 0.202365850035356, 0.5916277131040447, 0.762426083552904, 0.6348616649056981, 0.8509117953301468, 0.9056224363644114, 0.5199519395611925, 0.4554041438720382, 0.2433932933447134, 0.1442850056128175, 0.15328725174299, 0.3902074281001187, 0.2336556586208704]
Test Prediction: [0.17879585 0.51652697 0.41341714 0.22785884 0.31431662 0.18215492
 0.2643515  0.21255682 0.32214329 0.61889894 0.25101041 0.13347653
 0.28074039 0.65343625 0.32971329 0.49621884 0.18823008 0.39516939
 0.71575993 0.36381771 0.170896   0.57760441 0.46014442 0.33576536
 0.16244869 0.16007081 0.20951669 0.15055196 0.59392696 0.61949149
 0.48704209 0.27100437 0.80260558 0.56215212 0.77564175 0.45862928
 0.59265476 0.72373458 0.31838698 0.42425144 0.51339002 0.7436494
 0.80451845 0.76437919 0.49814616 0.20365672 0.45161949 0.17495518
 0.71705332 0.25598508 0.19684724 0.17449342 0.4453157  0.1689959
 0.54920982 0.20241832 0.55578324 0.62841303 0.69169767 0.23209098
 0.65038746 0.79983643 0.1808973  0.38587669 0.22544009 0.27512939
 0.25625512 0.2587957  0.73359356 0.81841753 0.7612162  0.5531115
 0.15704066 0.79092894 0.18930662 0.28967163 0.65809909 0.19451902
 0.48756236 0.23738489 0.37077622 0.53871062 0.68847929 0.1811581
 0.57907847 0.18717078 0.60609306 0.47488604 0.57092722 0.61069405
 0.5256839  0.25724824 0.66520608 0.61834893 0.22777497 0.45409755
 0.84538246 0.25518605 0.21754895 0.30024168 0.76544919 0.68273717
 0.1236059  0.7568963  0.29097075 0.36096792 0.72950504 0.30666004
 0.29889944 0.72612258 0.57952724 0.39024382 0.13081829 0.60742915
 0.30032623 0.22843339 0.77950477 0.73938585 0.281893   0.72655342
 0.79749367 0.30646174 0.28549387 0.7753755  0.82233362 0.30665977
 0.67864732 0.19529813 0.70436099 0.52676195 0.53542231 0.74446009
 0.66468614 0.12567252 0.19146416 0.16480348 0.62817919 0.50970568
 0.19349698 0.15903376 0.23718197 0.40334721 0.86363059 0.18855142
 0.17924676 0.8282184  0.32622319 0.68114639 0.27310379 0.26967587
 0.41253975 0.47056024 0.18426154 0.6989462  0.15235475 0.3990164
 0.19735095 0.26746535 0.55149036 0.2550384  0.19993195 0.38504416
 0.21571737 0.21575507 0.19019568 0.73214225 0.12318664 0.28828533
 0.22561404 0.39617896 0.17460755 0.18606461 0.61483159 0.24454728
 0.20797605 0.68056083 0.53790093 0.27246515 0.44627921 0.41877862
 0.17791211 0.56502725 0.2896415  0.13010834 0.13921845 0.67904092
 0.69975499 0.2244756  0.66006411 0.71097196 0.73179248 0.73885343
 0.81559043 0.57455502 0.49594439 0.22884923 0.21244667 0.19454319
 0.39611162 0.22541888]
MAPE: 13.87%
