Test percentage: 0.2
Validation percentage: 0.2
Activation function: relu
Learning rate: 0.5
Momentum: 0.3
Epochs: 50
Real values: [0.1203093992851844, 0.5331901082497543, 0.4111899899645726, 0.2298491245547969, 0.3432157696403239, 0.224651427823689, 0.3232017780876171, 0.2340725099377878, 0.3480403198711717, 0.576399459403237, 0.2054400198074082, 0.1930179413444166, 0.2787127966396401, 0.6044541003147943, 0.3579492062146512, 0.5102653949577131, 0.2591443797229627, 0.4436867028072352, 0.6878068147111708, 0.3861481077131384, 0.1524351720907955, 0.5993951089522812, 0.4522920786011579, 0.320213698848286, 0.164509364459447, 0.085456440917582, 0.1999393284260671, 0.189675831983365, 0.5449116917231079, 0.5812910264641787, 0.4971427189643499, 0.2799559194693528, 0.8733727378662495, 0.48691919681158, 0.8084116989307436, 0.4242080862640412, 0.6143258021282898, 0.6346086104378093, 0.3589431511496554, 0.4022777641666479, 0.4447256478321064, 0.6850423805460548, 0.7684627407087823, 0.7361941385596489, 0.457612912231705, 0.2316386401883997, 0.5120572478680498, 0.2461786017803217, 0.6389254075840871, 0.2647712371044325, 0.1552924456877971, 0.2340739967784256, 0.4070930573401319, 0.154500330434106, 0.4909519216885796, 0.1790318099602673, 0.546255934178584, 0.7177718238682939, 0.7242095142771194, 0.2565804266210602, 0.5656687914678377, 0.8260165837877879, 0.1946037553652324, 0.3926394081364028, 0.2150150258760489, 0.3021524097497535, 0.2902375816846486, 0.2169425601516917, 0.7254273437456245, 0.8371748518576908, 0.6698524911863892, 0.5521436084207515, 0.1741322764919473, 0.8009502939966863, 0.2155310508564025, 0.223890548137084, 0.6992392061690326, 0.1860609199352951, 0.4444018841193589, 0.2322946352261536, 0.3760766134004196, 0.5080406228345856, 0.6552718046233839, 0.2086106270649272, 0.5376708213227104, 0.166768911405318, 0.63180647957249, 0.4434205516353204, 0.5360645134397425, 0.5570499583584304, 0.4898871859503066, 0.2206643444792265, 0.6205121493733083, 0.5645626839220499, 0.1361215142924992, 0.4504484312993609, 1.0000000000000002, 0.3212186972594721, 0.1775830427561338, 0.2479023400227215, 0.7675159975258132, 0.7449146459038626, 0.1037067296585813, 0.6951737002049295, 0.2291053086538956, 0.3704235320264942, 0.6902250612832547, 0.3380548613237533, 0.2706937555769731, 0.6904439407027838, 0.5699970343530577, 0.3522167143329885, 0.22649579314771, 0.5873902466259848, 0.2429029267231616, 0.1745189626959113, 0.8218886234042451, 0.74413748316366, 0.269815540484841, 0.6640649943806776, 0.8910579322702494, 0.2909166834172833, 0.2173896223396241, 0.7836908979146106, 0.906573697859592, 0.3495780799256932, 0.6511555587777583, 0.2772816779404805, 0.6792381447064774, 0.5442934964004679, 0.4677001320253733, 0.7146453112600366, 0.7095458183229865, 0.1873864749644219, 0.262270587613352, 0.1629321470862527, 0.6222814614002344, 0.4484994362557926, 0.2251244882366466, 0.1051422787694274, 0.1577579459935483, 0.3892954309929244, 0.9445891669750748, 0.2358878019409442, 0.1444532097574133, 0.864988589615384, 0.2799622450471764, 0.6935465767308486, 0.2768380152445928, 0.2170725720813251, 0.444904357363772, 0.4847800191729657, 0.229535889760143, 0.5786599279117246, 0.2482108348275087, 0.4390734784187173, 0.1793372172813462, 0.2937092571898667, 0.4727867478022573, 0.1779482425866249, 0.1920575054171803, 0.3818007358244215, 0.1902722139283546, 0.2782660372135965, 0.1813993630608832, 0.764245880472777, 0.0562585735444681, 0.2211644281689131, 0.2005362196369431, 0.3948897261198856, 0.2776157923993879, 0.1067076792417869, 0.5695335476882962, 0.2608549634117666, 0.1518057936046178, 0.6737396248770776, 0.5769617865629584, 0.2857519924738113, 0.5005192232139816, 0.4087806778910823, 0.1361219434225059, 0.4695803148869275, 0.2128988337801422, 0.1420531569343546, 0.0668425344369947, 0.5796609171580417, 0.6163597194514809, 0.202365850035356, 0.5916277131040447, 0.762426083552904, 0.6348616649056981, 0.8509117953301468, 0.9056224363644114, 0.5199519395611925, 0.4554041438720382, 0.2433932933447134, 0.1442850056128175, 0.15328725174299, 0.3902074281001187, 0.2336556586208704]
Test Prediction: [0.24904547 0.64571568 0.50713366 0.30995296 0.39353904 0.24505929
 0.34752725 0.29036506 0.43886101 0.74852547 0.33375088 0.19214056
 0.36194297 0.76916844 0.39981659 0.60849357 0.27151583 0.50642529
 0.82287027 0.42995698 0.25956538 0.68283305 0.5222801  0.40658807
 0.24163188 0.21267389 0.29676988 0.20973438 0.72058651 0.74746517
 0.59450913 0.35442349 0.98049267 0.6905107  0.87676678 0.55731653
 0.70568617 0.86177498 0.39396388 0.50713366 0.63632537 0.85248645
 0.96283802 0.92875704 0.60372149 0.27716089 0.54426554 0.24728085
 0.82743426 0.33422784 0.26965951 0.24106595 0.52921087 0.22895701
 0.64244992 0.2824588  0.67402144 0.73050243 0.78462802 0.30816209
 0.75410905 0.9740022  0.25259727 0.49221296 0.30736494 0.36101269
 0.33746204 0.34544323 0.88461259 0.97927491 0.87973355 0.59729973
 0.22731229 0.93223904 0.27091011 0.36949096 0.78436738 0.26965152
 0.55733139 0.32287628 0.46393669 0.58968487 0.80555575 0.25223343
 0.67940824 0.27723368 0.74642117 0.55158082 0.69387439 0.69458181
 0.62515142 0.33972906 0.7742285  0.7431811  0.30665094 0.54784247
 1.04719611 0.3387759  0.29962584 0.38257805 0.92439054 0.75146085
 0.17888171 0.90232949 0.37130098 0.47947636 0.81123042 0.38395376
 0.37496922 0.85773361 0.68422406 0.44681794 0.17653263 0.71812524
 0.37732177 0.31313951 0.92527337 0.8622326  0.36342016 0.83445246
 0.95748073 0.38024004 0.36184405 0.91684174 0.99961771 0.38383446
 0.77025664 0.27836938 0.81537716 0.60242735 0.64583055 0.85412894
 0.79545042 0.18277507 0.26144472 0.24835799 0.73674215 0.62630467
 0.28224887 0.2219726  0.3211974  0.47520586 1.05468519 0.26634226
 0.24714852 1.01717909 0.39891608 0.76453862 0.35195212 0.35217413
 0.50336979 0.56771532 0.25200137 0.78878917 0.21279069 0.4899266
 0.27070169 0.3559824  0.62905625 0.33510053 0.29138303 0.48393451
 0.30148748 0.30017658 0.264572   0.86315016 0.16990703 0.37057175
 0.31926814 0.49238803 0.25821749 0.27517139 0.70385867 0.33099935
 0.28474591 0.78877719 0.65657885 0.35572434 0.50713366 0.50190588
 0.23969626 0.65333765 0.36663347 0.18074172 0.19521428 0.76023597
 0.85135912 0.30777157 0.76285852 0.83297082 0.8401878  0.83575453
 0.98364352 0.68640526 0.58648551 0.31110068 0.28941401 0.26495711
 0.46967875 0.296315  ]
MAPE: 33.19%
