Test percentage: 0.2
Validation percentage: 0.2
Activation function: tanh
Learning rate: 0.3
Momentum: 0.3
Epochs: 50
Real values: [0.1203093992851844, 0.5331901082497543, 0.4111899899645726, 0.2298491245547969, 0.3432157696403239, 0.224651427823689, 0.3232017780876171, 0.2340725099377878, 0.3480403198711717, 0.576399459403237, 0.2054400198074082, 0.1930179413444166, 0.2787127966396401, 0.6044541003147943, 0.3579492062146512, 0.5102653949577131, 0.2591443797229627, 0.4436867028072352, 0.6878068147111708, 0.3861481077131384, 0.1524351720907955, 0.5993951089522812, 0.4522920786011579, 0.320213698848286, 0.164509364459447, 0.085456440917582, 0.1999393284260671, 0.189675831983365, 0.5449116917231079, 0.5812910264641787, 0.4971427189643499, 0.2799559194693528, 0.8733727378662495, 0.48691919681158, 0.8084116989307436, 0.4242080862640412, 0.6143258021282898, 0.6346086104378093, 0.3589431511496554, 0.4022777641666479, 0.4447256478321064, 0.6850423805460548, 0.7684627407087823, 0.7361941385596489, 0.457612912231705, 0.2316386401883997, 0.5120572478680498, 0.2461786017803217, 0.6389254075840871, 0.2647712371044325, 0.1552924456877971, 0.2340739967784256, 0.4070930573401319, 0.154500330434106, 0.4909519216885796, 0.1790318099602673, 0.546255934178584, 0.7177718238682939, 0.7242095142771194, 0.2565804266210602, 0.5656687914678377, 0.8260165837877879, 0.1946037553652324, 0.3926394081364028, 0.2150150258760489, 0.3021524097497535, 0.2902375816846486, 0.2169425601516917, 0.7254273437456245, 0.8371748518576908, 0.6698524911863892, 0.5521436084207515, 0.1741322764919473, 0.8009502939966863, 0.2155310508564025, 0.223890548137084, 0.6992392061690326, 0.1860609199352951, 0.4444018841193589, 0.2322946352261536, 0.3760766134004196, 0.5080406228345856, 0.6552718046233839, 0.2086106270649272, 0.5376708213227104, 0.166768911405318, 0.63180647957249, 0.4434205516353204, 0.5360645134397425, 0.5570499583584304, 0.4898871859503066, 0.2206643444792265, 0.6205121493733083, 0.5645626839220499, 0.1361215142924992, 0.4504484312993609, 1.0000000000000002, 0.3212186972594721, 0.1775830427561338, 0.2479023400227215, 0.7675159975258132, 0.7449146459038626, 0.1037067296585813, 0.6951737002049295, 0.2291053086538956, 0.3704235320264942, 0.6902250612832547, 0.3380548613237533, 0.2706937555769731, 0.6904439407027838, 0.5699970343530577, 0.3522167143329885, 0.22649579314771, 0.5873902466259848, 0.2429029267231616, 0.1745189626959113, 0.8218886234042451, 0.74413748316366, 0.269815540484841, 0.6640649943806776, 0.8910579322702494, 0.2909166834172833, 0.2173896223396241, 0.7836908979146106, 0.906573697859592, 0.3495780799256932, 0.6511555587777583, 0.2772816779404805, 0.6792381447064774, 0.5442934964004679, 0.4677001320253733, 0.7146453112600366, 0.7095458183229865, 0.1873864749644219, 0.262270587613352, 0.1629321470862527, 0.6222814614002344, 0.4484994362557926, 0.2251244882366466, 0.1051422787694274, 0.1577579459935483, 0.3892954309929244, 0.9445891669750748, 0.2358878019409442, 0.1444532097574133, 0.864988589615384, 0.2799622450471764, 0.6935465767308486, 0.2768380152445928, 0.2170725720813251, 0.444904357363772, 0.4847800191729657, 0.229535889760143, 0.5786599279117246, 0.2482108348275087, 0.4390734784187173, 0.1793372172813462, 0.2937092571898667, 0.4727867478022573, 0.1779482425866249, 0.1920575054171803, 0.3818007358244215, 0.1902722139283546, 0.2782660372135965, 0.1813993630608832, 0.764245880472777, 0.0562585735444681, 0.2211644281689131, 0.2005362196369431, 0.3948897261198856, 0.2776157923993879, 0.1067076792417869, 0.5695335476882962, 0.2608549634117666, 0.1518057936046178, 0.6737396248770776, 0.5769617865629584, 0.2857519924738113, 0.5005192232139816, 0.4087806778910823, 0.1361219434225059, 0.4695803148869275, 0.2128988337801422, 0.1420531569343546, 0.0668425344369947, 0.5796609171580417, 0.6163597194514809, 0.202365850035356, 0.5916277131040447, 0.762426083552904, 0.6348616649056981, 0.8509117953301468, 0.9056224363644114, 0.5199519395611925, 0.4554041438720382, 0.2433932933447134, 0.1442850056128175, 0.15328725174299, 0.3902074281001187, 0.2336556586208704]
Test Prediction: [0.13416903 0.46748039 0.39581315 0.17124716 0.24924699 0.12809062
 0.22377    0.1588364  0.32713885 0.56886584 0.20171881 0.08877603
 0.24585771 0.60004986 0.29391243 0.4440525  0.15016182 0.38319786
 0.68883195 0.30654974 0.13846135 0.53316698 0.42605529 0.26692309
 0.12278584 0.11406914 0.17208879 0.10637118 0.53860508 0.57469889
 0.4304901  0.23083552 0.84299185 0.51001343 0.77892454 0.40886555
 0.53432737 0.70369004 0.28098989 0.41116615 0.46630966 0.7239724
 0.83951668 0.7809538  0.43889388 0.14657174 0.40329166 0.13207281
 0.7041653  0.19121437 0.14480907 0.13070017 0.42019053 0.12012351
 0.47479257 0.15399503 0.50120721 0.59244965 0.65182123 0.17140927
 0.59232935 0.82385561 0.13198245 0.37782454 0.17396779 0.25654586
 0.20252944 0.23195523 0.73178239 0.83631479 0.76108605 0.49951307
 0.11485838 0.82804067 0.14907383 0.26365822 0.61286898 0.15028409
 0.43722623 0.2014296  0.36336523 0.46751772 0.67417707 0.12952732
 0.53699087 0.15698551 0.56088706 0.42163358 0.51458238 0.56760155
 0.47604797 0.20801871 0.60440491 0.58087251 0.17260571 0.40319943
 0.88785715 0.2104424  0.16625899 0.2787681  0.78099869 0.65149842
 0.07690031 0.78319133 0.24455862 0.35802575 0.70803634 0.25035623
 0.25271775 0.69693522 0.5351917  0.30671224 0.08551129 0.55779013
 0.25810082 0.18260787 0.8106498  0.71872962 0.23251448 0.72329645
 0.84334941 0.26396942 0.22294462 0.76861078 0.84484037 0.2672672
 0.65091266 0.15136408 0.67323732 0.46629497 0.48403286 0.729815
 0.64371219 0.08703421 0.13930487 0.11954576 0.58624707 0.45889376
 0.1548966  0.11181612 0.19362948 0.37688185 0.90628353 0.14109162
 0.13571503 0.88786024 0.26820273 0.63651709 0.21706268 0.22050608
 0.38869216 0.43759994 0.13107878 0.6635206  0.106283   0.33745127
 0.14575875 0.24792281 0.484639   0.20342402 0.17355978 0.36477585
 0.18117717 0.16772021 0.13702416 0.74712426 0.08087426 0.25726182
 0.19136433 0.37364054 0.13330354 0.1550507  0.5602761  0.21240367
 0.15997851 0.66652963 0.49103885 0.21279073 0.41155877 0.38740736
 0.13564445 0.50703051 0.22330398 0.08226005 0.09490441 0.63753633
 0.6833603  0.17751802 0.63563434 0.6680688  0.72667716 0.73161372
 0.85270402 0.52210948 0.44289911 0.18551223 0.15462741 0.13915167
 0.37429887 0.15586443]
MAPE: 14.40%
