Test percentage: 0.2
Validation percentage: 0.2
Activation function: linear
Learning rate: 0.1
Momentum: 0.7
Epochs: 100
Real values: [0.1203093992851844, 0.5331901082497543, 0.4111899899645726, 0.2298491245547969, 0.3432157696403239, 0.224651427823689, 0.3232017780876171, 0.2340725099377878, 0.3480403198711717, 0.576399459403237, 0.2054400198074082, 0.1930179413444166, 0.2787127966396401, 0.6044541003147943, 0.3579492062146512, 0.5102653949577131, 0.2591443797229627, 0.4436867028072352, 0.6878068147111708, 0.3861481077131384, 0.1524351720907955, 0.5993951089522812, 0.4522920786011579, 0.320213698848286, 0.164509364459447, 0.085456440917582, 0.1999393284260671, 0.189675831983365, 0.5449116917231079, 0.5812910264641787, 0.4971427189643499, 0.2799559194693528, 0.8733727378662495, 0.48691919681158, 0.8084116989307436, 0.4242080862640412, 0.6143258021282898, 0.6346086104378093, 0.3589431511496554, 0.4022777641666479, 0.4447256478321064, 0.6850423805460548, 0.7684627407087823, 0.7361941385596489, 0.457612912231705, 0.2316386401883997, 0.5120572478680498, 0.2461786017803217, 0.6389254075840871, 0.2647712371044325, 0.1552924456877971, 0.2340739967784256, 0.4070930573401319, 0.154500330434106, 0.4909519216885796, 0.1790318099602673, 0.546255934178584, 0.7177718238682939, 0.7242095142771194, 0.2565804266210602, 0.5656687914678377, 0.8260165837877879, 0.1946037553652324, 0.3926394081364028, 0.2150150258760489, 0.3021524097497535, 0.2902375816846486, 0.2169425601516917, 0.7254273437456245, 0.8371748518576908, 0.6698524911863892, 0.5521436084207515, 0.1741322764919473, 0.8009502939966863, 0.2155310508564025, 0.223890548137084, 0.6992392061690326, 0.1860609199352951, 0.4444018841193589, 0.2322946352261536, 0.3760766134004196, 0.5080406228345856, 0.6552718046233839, 0.2086106270649272, 0.5376708213227104, 0.166768911405318, 0.63180647957249, 0.4434205516353204, 0.5360645134397425, 0.5570499583584304, 0.4898871859503066, 0.2206643444792265, 0.6205121493733083, 0.5645626839220499, 0.1361215142924992, 0.4504484312993609, 1.0000000000000002, 0.3212186972594721, 0.1775830427561338, 0.2479023400227215, 0.7675159975258132, 0.7449146459038626, 0.1037067296585813, 0.6951737002049295, 0.2291053086538956, 0.3704235320264942, 0.6902250612832547, 0.3380548613237533, 0.2706937555769731, 0.6904439407027838, 0.5699970343530577, 0.3522167143329885, 0.22649579314771, 0.5873902466259848, 0.2429029267231616, 0.1745189626959113, 0.8218886234042451, 0.74413748316366, 0.269815540484841, 0.6640649943806776, 0.8910579322702494, 0.2909166834172833, 0.2173896223396241, 0.7836908979146106, 0.906573697859592, 0.3495780799256932, 0.6511555587777583, 0.2772816779404805, 0.6792381447064774, 0.5442934964004679, 0.4677001320253733, 0.7146453112600366, 0.7095458183229865, 0.1873864749644219, 0.262270587613352, 0.1629321470862527, 0.6222814614002344, 0.4484994362557926, 0.2251244882366466, 0.1051422787694274, 0.1577579459935483, 0.3892954309929244, 0.9445891669750748, 0.2358878019409442, 0.1444532097574133, 0.864988589615384, 0.2799622450471764, 0.6935465767308486, 0.2768380152445928, 0.2170725720813251, 0.444904357363772, 0.4847800191729657, 0.229535889760143, 0.5786599279117246, 0.2482108348275087, 0.4390734784187173, 0.1793372172813462, 0.2937092571898667, 0.4727867478022573, 0.1779482425866249, 0.1920575054171803, 0.3818007358244215, 0.1902722139283546, 0.2782660372135965, 0.1813993630608832, 0.764245880472777, 0.0562585735444681, 0.2211644281689131, 0.2005362196369431, 0.3948897261198856, 0.2776157923993879, 0.1067076792417869, 0.5695335476882962, 0.2608549634117666, 0.1518057936046178, 0.6737396248770776, 0.5769617865629584, 0.2857519924738113, 0.5005192232139816, 0.4087806778910823, 0.1361219434225059, 0.4695803148869275, 0.2128988337801422, 0.1420531569343546, 0.0668425344369947, 0.5796609171580417, 0.6163597194514809, 0.202365850035356, 0.5916277131040447, 0.762426083552904, 0.6348616649056981, 0.8509117953301468, 0.9056224363644114, 0.5199519395611925, 0.4554041438720382, 0.2433932933447134, 0.1442850056128175, 0.15328725174299, 0.3902074281001187, 0.2336556586208704]
Test Prediction: [0.2114556  0.6010088  0.53739793 0.27111173 0.41356723 0.17909687
 0.3597567  0.27120479 0.45463723 0.68437472 0.3441094  0.13006217
 0.38405025 0.68192256 0.43407322 0.5875197  0.24472188 0.50495239
 0.71736339 0.4690326  0.23810669 0.62646758 0.55231955 0.43560604
 0.20501243 0.14713804 0.29574876 0.1526208  0.66291172 0.66403088
 0.58414959 0.35847938 0.82181114 0.63281867 0.75885633 0.56365999
 0.63812789 0.74613688 0.42580581 0.53836727 0.59068243 0.76211818
 0.81222844 0.79000913 0.59406607 0.21331574 0.5528778  0.21114339
 0.72973495 0.33507427 0.2146679  0.19901188 0.55727258 0.17179654
 0.63961023 0.23614841 0.61400859 0.66529068 0.69404339 0.28843485
 0.67305316 0.82041257 0.20796023 0.50734974 0.29198327 0.37972587
 0.33495714 0.3535615  0.76089192 0.82389824 0.76857359 0.6371566
 0.16957585 0.78803015 0.2361271  0.39151741 0.69915039 0.24280656
 0.58098029 0.31099953 0.49447488 0.63469077 0.70141955 0.21319502
 0.62065516 0.26309959 0.66651016 0.5899318  0.62947141 0.65008642
 0.61666398 0.35245678 0.69663988 0.66694621 0.29188741 0.569129
 0.87650109 0.33809325 0.25963592 0.40220464 0.78430607 0.68370207
 0.10869013 0.76787024 0.381709   0.48583411 0.73335341 0.40701791
 0.39814002 0.74901519 0.62180741 0.49708683 0.1034445  0.64669065
 0.39928674 0.31375938 0.78344311 0.76055332 0.37306595 0.72500584
 0.80542484 0.41494575 0.37988575 0.78379369 0.83866315 0.41322336
 0.69575902 0.26126828 0.72760203 0.61097972 0.59923525 0.74101912
 0.69382638 0.1219682  0.217808   0.18704992 0.66349407 0.59770832
 0.24097147 0.16612349 0.33079815 0.51643204 0.89143892 0.23876682
 0.19579638 0.8628704  0.42527728 0.71289049 0.36393593 0.35755917
 0.51251169 0.56513497 0.18589146 0.71202158 0.15575746 0.50467294
 0.24169001 0.36678269 0.63204323 0.3483548  0.28369236 0.49379208
 0.28352262 0.25870973 0.22810171 0.739856   0.09283126 0.38616085
 0.2953965  0.51484244 0.21102153 0.2589328  0.67662801 0.34070016
 0.26616824 0.69087746 0.61494865 0.36389195 0.55628378 0.51988924
 0.19271198 0.63257511 0.38398978 0.10568248 0.13278546 0.68340988
 0.74100975 0.29610437 0.67415608 0.7451251  0.72647209 0.72741693
 0.82649298 0.62509132 0.59920685 0.29239931 0.26738827 0.2305607
 0.51882238 0.26729372]
MAPE: 26.74%
