Test percentage: 0.2
Validation percentage: 0.2
Activation function: relu
Learning rate: 0.1
Momentum: 0.7
Epochs: 100
Real values: [0.1203093992851844, 0.5331901082497543, 0.4111899899645726, 0.2298491245547969, 0.3432157696403239, 0.224651427823689, 0.3232017780876171, 0.2340725099377878, 0.3480403198711717, 0.576399459403237, 0.2054400198074082, 0.1930179413444166, 0.2787127966396401, 0.6044541003147943, 0.3579492062146512, 0.5102653949577131, 0.2591443797229627, 0.4436867028072352, 0.6878068147111708, 0.3861481077131384, 0.1524351720907955, 0.5993951089522812, 0.4522920786011579, 0.320213698848286, 0.164509364459447, 0.085456440917582, 0.1999393284260671, 0.189675831983365, 0.5449116917231079, 0.5812910264641787, 0.4971427189643499, 0.2799559194693528, 0.8733727378662495, 0.48691919681158, 0.8084116989307436, 0.4242080862640412, 0.6143258021282898, 0.6346086104378093, 0.3589431511496554, 0.4022777641666479, 0.4447256478321064, 0.6850423805460548, 0.7684627407087823, 0.7361941385596489, 0.457612912231705, 0.2316386401883997, 0.5120572478680498, 0.2461786017803217, 0.6389254075840871, 0.2647712371044325, 0.1552924456877971, 0.2340739967784256, 0.4070930573401319, 0.154500330434106, 0.4909519216885796, 0.1790318099602673, 0.546255934178584, 0.7177718238682939, 0.7242095142771194, 0.2565804266210602, 0.5656687914678377, 0.8260165837877879, 0.1946037553652324, 0.3926394081364028, 0.2150150258760489, 0.3021524097497535, 0.2902375816846486, 0.2169425601516917, 0.7254273437456245, 0.8371748518576908, 0.6698524911863892, 0.5521436084207515, 0.1741322764919473, 0.8009502939966863, 0.2155310508564025, 0.223890548137084, 0.6992392061690326, 0.1860609199352951, 0.4444018841193589, 0.2322946352261536, 0.3760766134004196, 0.5080406228345856, 0.6552718046233839, 0.2086106270649272, 0.5376708213227104, 0.166768911405318, 0.63180647957249, 0.4434205516353204, 0.5360645134397425, 0.5570499583584304, 0.4898871859503066, 0.2206643444792265, 0.6205121493733083, 0.5645626839220499, 0.1361215142924992, 0.4504484312993609, 1.0000000000000002, 0.3212186972594721, 0.1775830427561338, 0.2479023400227215, 0.7675159975258132, 0.7449146459038626, 0.1037067296585813, 0.6951737002049295, 0.2291053086538956, 0.3704235320264942, 0.6902250612832547, 0.3380548613237533, 0.2706937555769731, 0.6904439407027838, 0.5699970343530577, 0.3522167143329885, 0.22649579314771, 0.5873902466259848, 0.2429029267231616, 0.1745189626959113, 0.8218886234042451, 0.74413748316366, 0.269815540484841, 0.6640649943806776, 0.8910579322702494, 0.2909166834172833, 0.2173896223396241, 0.7836908979146106, 0.906573697859592, 0.3495780799256932, 0.6511555587777583, 0.2772816779404805, 0.6792381447064774, 0.5442934964004679, 0.4677001320253733, 0.7146453112600366, 0.7095458183229865, 0.1873864749644219, 0.262270587613352, 0.1629321470862527, 0.6222814614002344, 0.4484994362557926, 0.2251244882366466, 0.1051422787694274, 0.1577579459935483, 0.3892954309929244, 0.9445891669750748, 0.2358878019409442, 0.1444532097574133, 0.864988589615384, 0.2799622450471764, 0.6935465767308486, 0.2768380152445928, 0.2170725720813251, 0.444904357363772, 0.4847800191729657, 0.229535889760143, 0.5786599279117246, 0.2482108348275087, 0.4390734784187173, 0.1793372172813462, 0.2937092571898667, 0.4727867478022573, 0.1779482425866249, 0.1920575054171803, 0.3818007358244215, 0.1902722139283546, 0.2782660372135965, 0.1813993630608832, 0.764245880472777, 0.0562585735444681, 0.2211644281689131, 0.2005362196369431, 0.3948897261198856, 0.2776157923993879, 0.1067076792417869, 0.5695335476882962, 0.2608549634117666, 0.1518057936046178, 0.6737396248770776, 0.5769617865629584, 0.2857519924738113, 0.5005192232139816, 0.4087806778910823, 0.1361219434225059, 0.4695803148869275, 0.2128988337801422, 0.1420531569343546, 0.0668425344369947, 0.5796609171580417, 0.6163597194514809, 0.202365850035356, 0.5916277131040447, 0.762426083552904, 0.6348616649056981, 0.8509117953301468, 0.9056224363644114, 0.5199519395611925, 0.4554041438720382, 0.2433932933447134, 0.1442850056128175, 0.15328725174299, 0.3902074281001187, 0.2336556586208704]
Test Prediction: [0.12558037 0.42972831 0.3736718  0.18350869 0.25242129 0.13045256
 0.20454116 0.15024838 0.31171776 0.50673008 0.19153749 0.12558037
 0.22751465 0.55889737 0.25568999 0.41906708 0.14196013 0.34462319
 0.62465488 0.27871875 0.14510545 0.4890345  0.38090794 0.24335336
 0.12558037 0.12558037 0.16504839 0.12558037 0.48440945 0.53031125
 0.41375877 0.21807328 0.77811043 0.4708143  0.69396666 0.38893538
 0.49832843 0.64089686 0.25736167 0.40149493 0.44173268 0.64687924
 0.76408557 0.69240948 0.42027915 0.15538722 0.39267946 0.12558037
 0.63249795 0.18149385 0.15412027 0.12558037 0.38934269 0.12558037
 0.44932856 0.16440513 0.479414   0.55364344 0.58599669 0.16533594
 0.54542073 0.76112463 0.12558037 0.34536974 0.15766467 0.23171826
 0.20617862 0.20966747 0.67187429 0.77177495 0.67873907 0.49507769
 0.12558037 0.74482739 0.1530221  0.22947024 0.55870101 0.14191928
 0.41072335 0.20336899 0.33559746 0.43535036 0.61685589 0.12558037
 0.49036509 0.15501519 0.51441632 0.40083304 0.48513758 0.50539674
 0.4213143  0.19848908 0.56730789 0.54330193 0.16544087 0.38175807
 0.82873535 0.21516963 0.1708367  0.25576564 0.69237607 0.57698547
 0.12558037 0.70953243 0.22316416 0.33132552 0.62920951 0.23660522
 0.22546175 0.63813947 0.49468104 0.29927768 0.12558037 0.51521977
 0.22823447 0.1722019  0.73161468 0.65171791 0.22619124 0.6482839
 0.77382955 0.24758168 0.20847223 0.70333412 0.78521418 0.24828116
 0.5885033  0.13815405 0.61034039 0.43346453 0.45506947 0.65370717
 0.5738015  0.12558037 0.1310155  0.12558037 0.53933258 0.42461609
 0.1657346  0.12558037 0.18267908 0.35307523 0.86264145 0.13066821
 0.13245556 0.78449158 0.24063379 0.57945187 0.19816298 0.22821844
 0.34309175 0.39258424 0.14038324 0.59353415 0.12558037 0.30733808
 0.13335981 0.23330748 0.44479766 0.19419569 0.17563934 0.32797821
 0.17098341 0.18532986 0.12558037 0.67608728 0.12558037 0.22944231
 0.19631881 0.35040903 0.12677248 0.15774112 0.51381347 0.19463983
 0.15092589 0.6086771  0.45740701 0.21884418 0.39037582 0.36530551
 0.12558037 0.46493727 0.21645231 0.12558037 0.12558037 0.56998341
 0.60688966 0.16742655 0.58070264 0.60009885 0.65358367 0.6697075
 0.78069367 0.48276897 0.40725901 0.17641108 0.14168439 0.12558037
 0.35130445 0.13865101]
MAPE: 17.34%
