Test percentage: 0.2
Validation percentage: 0.2
Activation function: tanh
Learning rate: 0.1
Momentum: 0.7
Epochs: 100
Real values: [0.5467002518891688, 0.4572292191435768, 0.3823677581863979, 0.0340554156171284, 0.4909823677581863, 0.4791939546599496, 0.1317884130982367, 0.375617128463476, 0.6111838790931989, 0.5297732997481108, 0.3847858942065491, 0.4764735516372795, 0.4984382871536523, 0.2522921914357682, 0.3814609571788412, 0.5915365239294711, 0.3917380352644836, 0.3724937027707808, 0.3688664987405541, 0.5298740554156172, 0.5996977329974811, 0.3018639798488665, 0.2402015113350125, 0.4336523929471032, 0.2472544080604534, 0.5901259445843828, 0.3178841309823677, 0.2968261964735516, 0.7303778337531487, 0.3503274559193954, 0.6776826196473551, 0.4344584382871536, 0.5106297229219144, 0.0819143576826196, 0.5355163727959698, 0.6134005037783375, 0.3730982367758186, 0.3929471032745592, 0.3842821158690176, 0.5431738035264484, 0.2226700251889168, 0.5418639798488665, 0.2582367758186398, 0.3573803526448362, 0.7442821158690176, 0.338337531486146, 0.7411586901763224, 0.6684130982367759, 0.2977329974811082, 0.4172292191435768, 0.3481108312342569, 0.3038790931989924, 0.5467002518891688, 0.4384886649874055, 0.397984886649874, 0.6942065491183879, 0.3836775818639798, 0.2901763224181359, 0.3918387909319899, 0.2475566750629723, 0.6434256926952141, 0.4674055415617128, 0.0873551637279596, 0.3696725440806045, 0.3377329974811083, 0.4563224181360201, 0.6974307304785894, 0.4143073047858941, 0.4374811083123425, 0.3615113350125944, 0.2944080604534004, 0.3605037783375314, 0.3379345088161208, 0.6545088161209068, 0.4469521410579344, 0.5986901763224182, 0.3745088161209067, 0.5669521410579345, 0.483425692695214, 0.8289168765743073, 0.3824685138539042, 0.3548614609571788, 0.2857430730478589, 0.3675566750629722, 0.5388413098236775, 0.694911838790932, 0.3685642317380352, 0.55455919395466, 0.5882115869017632, 0.1710831234256926, 0.6466498740554156, 0.6505793450881612, 0.1620151133501259, 0.3978841309823677, 0.6136020151133501, 0.8051385390428211, 0.386801007556675, 0.4580352644836272, 0.28544080604534, 0.3155667506297229, 0.3886146095717884, 0.7628211586901763, 0.6099748110831235, 0.3677581863979848, 0.4160201511335012, 0.4700251889168765, 0.4626700251889168, 0.2736523929471032, 0.3693702770780855]
Test Prediction: [0.58489091 0.56830801 0.52089034 0.30137948 0.49878664 0.58595538
 0.46408781 0.49886854 0.65753574 0.52329501 0.40980786 0.50396502
 0.46954136 0.47662611 0.41359605 0.30007121 0.52098637 0.49230993
 0.50876573 0.55097514 0.60118928 0.35481097 0.46608087 0.45645614
 0.39544721 0.55872806 0.47708419 0.4683215  0.57354589 0.55921701
 0.47529825 0.56830801 0.60368109 0.31513486 0.53360059 0.57477851
 0.42872554 0.56832657 0.45938515 0.58623824 0.26527366 0.53375148
 0.52357634 0.43745882 0.63707311 0.40802489 0.58433918 0.60248156
 0.44272817 0.46758753 0.39211879 0.52419752 0.51024995 0.54418416
 0.46609319 0.6233223  0.35614538 0.44687131 0.45686945 0.31513486
 0.58623824 0.56159729 0.22742914 0.46959419 0.51012573 0.55581449
 0.57193076 0.54255973 0.46870439 0.43636337 0.3951244  0.44403021
 0.52547385 0.44085211 0.54045642 0.61283589 0.47484252 0.62396396
 0.54625823 0.58338712 0.46513343 0.47754491 0.47524832 0.50269355
 0.49400589 0.63256068 0.31241014 0.56041906 0.69541251 0.35181972
 0.60027808 0.61394457 0.3409941  0.56186636 0.58961266 0.63207633
 0.48271647 0.52329501 0.56225786 0.39286791 0.43129667 0.61231946
 0.53058364 0.49071003 0.56830801 0.50490782 0.54309303 0.48535205
 0.31970407]
MAPE: 39.47%
