Test percentage: 0.2
Validation percentage: 0.2
Activation function: linear
Learning rate: 0.5
Momentum: 0.3
Epochs: 100
Real values: [0.4926775040680531, 0.6458869251245478, 0.2650884947039226, 0.0705397756260505, 0.7919036341276107, 0.1379307258409547, 0.0977406864403593, 0.560607281144103, 0.0781513763356551, 0.7761720379291148, 0.6772731422556617, 0.2131606223181727, 0.6519017365978006, 0.6965688722765524, 0.5782793700917079, 0.2864303346991967, 0.1745816931336272, 0.7292010146414116, 0.3347994436299387, 0.0898050735650825, 0.1288279531202729, 0.4545013524375202, 0.1600781209442537, 0.148764546982659, 0.3960359528195323, 0.4505469719183489, 0.577176654654945, 0.7046047320097166, 0.6927684422891369, 0.1806609490155221, 0.2903990361980662, 0.5830464662087533, 0.3038285349100731, 0.2722901573696656, 0.1423988715067997, 0.6280018116039319, 0.3127379744048289, 0.3702689300975079, 0.8892719750958162, 0.1185991933708184, 0.5980566430549512, 0.4372803743504092, 0.1922967450203268, 0.3481107942594353, 0.4426113590430722, 0.1810458253449118, 0.9064750519583044, 0.8696647637664892, 1.0, 0.0835002622529407, 0.6062894162589663, 0.3230132773383027, 0.0331906605730897, 0.2416611620400952, 0.7426215627411072, 0.2247964183229774, 0.2593833744166439, 0.0139683255731524, 0.9387849722799536, 0.4706679483943496, 0.1626558972899335, 0.8312200937666145, 0.7911822147753127, 0.0015162337255491, 0.4673938144108437, 0.4403880269449233, 0.4968341684254619, 0.662168088918963, 0.3839204039948372, 0.0206544329697594, 0.6584177823604913, 0.1146985165255154, 0.7580398875087044, 0.48324355869185, 0.622658296054033, 0.7698511155148124, 0.9539741613723796, 0.0950483422570937, 0.2127864867235567, 0.6129039187570822, 0.3127039620780457, 0.2485388125401659, 0.7654187722982129, 0.0907985915316466, 0.4599612259474671, 0.6333614382559911, 0.6879941856822425, 0.6899794314929084, 0.2602462134434616, 0.0431509019532025]
Test Prediction: [0.51931647 0.69050803 0.35661227 0.19428993 0.8476439  0.2315701
 0.12516958 0.64946841 0.23532955 0.83943598 0.70692387 0.24483147
 0.6375576  0.68936539 0.75735675 0.32057871 0.21199978 0.81481221
 0.37133552 0.14949087 0.21515426 0.47827685 0.22195529 0.21374737
 0.42082139 0.53974684 0.65767633 0.68001484 0.7151318  0.20975721
 0.34295992 0.58661746 0.38123604 0.3302959  0.23977803 0.72393239
 0.42369328 0.45652497 0.89689145 0.14979335 0.70751654 0.48473718
 0.25837229 0.3862421  0.46186101 0.24195644 0.90509937 0.8218348
 0.95434691 0.10875373 0.63190993 0.355158   0.05732778 0.26945524
 0.78138785 0.27120284 0.31012822 0.06296316 0.92151522 0.4946927
 0.28902557 0.79721103 0.80601162 0.01628816 0.59013701 0.47339913
 0.51443875 0.69871595 0.46473289 0.04091193 0.74034823 0.14409382
 0.73040501 0.4963303  0.77377259 0.73861293 0.92972314 0.15769879
 0.28925628 0.60472591 0.34695008 0.31388006 0.75617141 0.11696166
 0.64818514 0.64832577 0.79839636 0.75676408 0.29595494 0.1122107 ]
MAPE: 39.35%
