Test percentage: 0.2
Validation percentage: 0.2
Activation function: tanh
Learning rate: 0.1
Momentum: 0.7
Epochs: 100
Real values: [0.4926775040680531, 0.6458869251245478, 0.2650884947039226, 0.0705397756260505, 0.7919036341276107, 0.1379307258409547, 0.0977406864403593, 0.560607281144103, 0.0781513763356551, 0.7761720379291148, 0.6772731422556617, 0.2131606223181727, 0.6519017365978006, 0.6965688722765524, 0.5782793700917079, 0.2864303346991967, 0.1745816931336272, 0.7292010146414116, 0.3347994436299387, 0.0898050735650825, 0.1288279531202729, 0.4545013524375202, 0.1600781209442537, 0.148764546982659, 0.3960359528195323, 0.4505469719183489, 0.577176654654945, 0.7046047320097166, 0.6927684422891369, 0.1806609490155221, 0.2903990361980662, 0.5830464662087533, 0.3038285349100731, 0.2722901573696656, 0.1423988715067997, 0.6280018116039319, 0.3127379744048289, 0.3702689300975079, 0.8892719750958162, 0.1185991933708184, 0.5980566430549512, 0.4372803743504092, 0.1922967450203268, 0.3481107942594353, 0.4426113590430722, 0.1810458253449118, 0.9064750519583044, 0.8696647637664892, 1.0, 0.0835002622529407, 0.6062894162589663, 0.3230132773383027, 0.0331906605730897, 0.2416611620400952, 0.7426215627411072, 0.2247964183229774, 0.2593833744166439, 0.0139683255731524, 0.9387849722799536, 0.4706679483943496, 0.1626558972899335, 0.8312200937666145, 0.7911822147753127, 0.0015162337255491, 0.4673938144108437, 0.4403880269449233, 0.4968341684254619, 0.662168088918963, 0.3839204039948372, 0.0206544329697594, 0.6584177823604913, 0.1146985165255154, 0.7580398875087044, 0.48324355869185, 0.622658296054033, 0.7698511155148124, 0.9539741613723796, 0.0950483422570937, 0.2127864867235567, 0.6129039187570822, 0.3127039620780457, 0.2485388125401659, 0.7654187722982129, 0.0907985915316466, 0.4599612259474671, 0.6333614382559911, 0.6879941856822425, 0.6899794314929084, 0.2602462134434616, 0.0431509019532025]
Test Prediction: [0.5004249  0.64815503 0.26950265 0.08691768 0.80960648 0.13121161
 0.11582616 0.54985516 0.11340508 0.7934221  0.68482595 0.23165427
 0.6631974  0.71056692 0.58097983 0.28947959 0.18785287 0.73696947
 0.34434603 0.08818379 0.12212208 0.46034444 0.15947884 0.14613227
 0.40032116 0.44565963 0.5695911  0.71582608 0.70205537 0.20081853
 0.28449061 0.59266594 0.30742474 0.28070752 0.13592289 0.62207683
 0.31748128 0.36925909 0.88044025 0.13766019 0.57924083 0.4354219
 0.18968096 0.3501074  0.44371981 0.17965091 0.88860421 0.85088891
 0.92345019 0.0990264  0.60366124 0.32318258 0.04689292 0.26108647
 0.76004787 0.23645556 0.26033101 0.02259546 0.90261391 0.47661881
 0.16672933 0.82743286 0.80462593 0.00332665 0.45767932 0.42848642
 0.49721121 0.66682698 0.38325003 0.03125068 0.66482725 0.12431736
 0.76747759 0.49086691 0.62549249 0.77706216 0.90861927 0.09243907
 0.2168077  0.62570908 0.31269942 0.25516797 0.77513739 0.10767422
 0.48101744 0.63721935 0.69384974 0.70560366 0.26416489 0.0442383 ]
MAPE: 6.57%
