Test percentage: 0.2
Validation percentage: 0.2
Activation function: relu
Learning rate: 0.3
Momentum: 0.1
Epochs: 100
Real values: [0.4926775040680531, 0.6458869251245478, 0.2650884947039226, 0.0705397756260505, 0.7919036341276107, 0.1379307258409547, 0.0977406864403593, 0.560607281144103, 0.0781513763356551, 0.7761720379291148, 0.6772731422556617, 0.2131606223181727, 0.6519017365978006, 0.6965688722765524, 0.5782793700917079, 0.2864303346991967, 0.1745816931336272, 0.7292010146414116, 0.3347994436299387, 0.0898050735650825, 0.1288279531202729, 0.4545013524375202, 0.1600781209442537, 0.148764546982659, 0.3960359528195323, 0.4505469719183489, 0.577176654654945, 0.7046047320097166, 0.6927684422891369, 0.1806609490155221, 0.2903990361980662, 0.5830464662087533, 0.3038285349100731, 0.2722901573696656, 0.1423988715067997, 0.6280018116039319, 0.3127379744048289, 0.3702689300975079, 0.8892719750958162, 0.1185991933708184, 0.5980566430549512, 0.4372803743504092, 0.1922967450203268, 0.3481107942594353, 0.4426113590430722, 0.1810458253449118, 0.9064750519583044, 0.8696647637664892, 1.0, 0.0835002622529407, 0.6062894162589663, 0.3230132773383027, 0.0331906605730897, 0.2416611620400952, 0.7426215627411072, 0.2247964183229774, 0.2593833744166439, 0.0139683255731524, 0.9387849722799536, 0.4706679483943496, 0.1626558972899335, 0.8312200937666145, 0.7911822147753127, 0.0015162337255491, 0.4673938144108437, 0.4403880269449233, 0.4968341684254619, 0.662168088918963, 0.3839204039948372, 0.0206544329697594, 0.6584177823604913, 0.1146985165255154, 0.7580398875087044, 0.48324355869185, 0.622658296054033, 0.7698511155148124, 0.9539741613723796, 0.0950483422570937, 0.2127864867235567, 0.6129039187570822, 0.3127039620780457, 0.2485388125401659, 0.7654187722982129, 0.0907985915316466, 0.4599612259474671, 0.6333614382559911, 0.6879941856822425, 0.6899794314929084, 0.2602462134434616, 0.0431509019532025]
Test Prediction: [0.4725271  0.62889062 0.23784443 0.07128961 0.78571421 0.12243922
 0.07635484 0.55156714 0.10605049 0.77024951 0.65982001 0.23219584
 0.62781967 0.69739871 0.61560256 0.28508128 0.18048476 0.72385543
 0.3372872  0.05787097 0.10952557 0.44024297 0.12743554 0.11197085
 0.3950452  0.44104888 0.56703184 0.69245179 0.6752847  0.17368548
 0.27176869 0.55661904 0.28423851 0.25996372 0.12889605 0.62224659
 0.29305125 0.35491003 0.87850238 0.09572532 0.5913172  0.41421778
 0.17443805 0.33673588 0.42732932 0.1615244  0.89396707 0.86669041
 0.98675524 0.06344119 0.58914585 0.3433906  0.01       0.25156632
 0.73049945 0.22022371 0.24594139 0.01       0.92489646 0.45315662
 0.167637   0.82993165 0.77689354 0.01082143 0.46532896 0.43233548
 0.50965895 0.64435531 0.37037472 0.01       0.65317598 0.12203088
 0.76342904 0.48559397 0.64653195 0.76988586 0.94036116 0.0643278
 0.18264025 0.60199237 0.33693377 0.22903433 0.75260818 0.06989802
 0.50507901 0.62007524 0.69292604 0.68410537 0.2657108  0.01      ]
MAPE: 15.04%
