Test percentage: 0.2
Validation percentage: 0.2
Activation function: relu
Learning rate: 0.3
Momentum: 0.3
Epochs: 100
Real values: [0.4926775040680531, 0.6458869251245478, 0.2650884947039226, 0.0705397756260505, 0.7919036341276107, 0.1379307258409547, 0.0977406864403593, 0.560607281144103, 0.0781513763356551, 0.7761720379291148, 0.6772731422556617, 0.2131606223181727, 0.6519017365978006, 0.6965688722765524, 0.5782793700917079, 0.2864303346991967, 0.1745816931336272, 0.7292010146414116, 0.3347994436299387, 0.0898050735650825, 0.1288279531202729, 0.4545013524375202, 0.1600781209442537, 0.148764546982659, 0.3960359528195323, 0.4505469719183489, 0.577176654654945, 0.7046047320097166, 0.6927684422891369, 0.1806609490155221, 0.2903990361980662, 0.5830464662087533, 0.3038285349100731, 0.2722901573696656, 0.1423988715067997, 0.6280018116039319, 0.3127379744048289, 0.3702689300975079, 0.8892719750958162, 0.1185991933708184, 0.5980566430549512, 0.4372803743504092, 0.1922967450203268, 0.3481107942594353, 0.4426113590430722, 0.1810458253449118, 0.9064750519583044, 0.8696647637664892, 1.0, 0.0835002622529407, 0.6062894162589663, 0.3230132773383027, 0.0331906605730897, 0.2416611620400952, 0.7426215627411072, 0.2247964183229774, 0.2593833744166439, 0.0139683255731524, 0.9387849722799536, 0.4706679483943496, 0.1626558972899335, 0.8312200937666145, 0.7911822147753127, 0.0015162337255491, 0.4673938144108437, 0.4403880269449233, 0.4968341684254619, 0.662168088918963, 0.3839204039948372, 0.0206544329697594, 0.6584177823604913, 0.1146985165255154, 0.7580398875087044, 0.48324355869185, 0.622658296054033, 0.7698511155148124, 0.9539741613723796, 0.0950483422570937, 0.2127864867235567, 0.6129039187570822, 0.3127039620780457, 0.2485388125401659, 0.7654187722982129, 0.0907985915316466, 0.4599612259474671, 0.6333614382559911, 0.6879941856822425, 0.6899794314929084, 0.2602462134434616, 0.0431509019532025]
Test Prediction: [0.52704146 0.70262405 0.2876038  0.15606256 0.89759807 0.18410565
 0.05469704 0.64615766 0.21252896 0.88630479 0.72521061 0.17123233
 0.66487065 0.71259715 0.773372   0.2661672  0.12605921 0.85242495
 0.32033742 0.07117286 0.1615191  0.47057506 0.12718805 0.11589477
 0.3915221  0.51602277 0.65745094 0.71127697 0.73650389 0.13638022
 0.31036804 0.60725803 0.32148364 0.26387102 0.19539893 0.73799802
 0.36788996 0.41306308 0.96535774 0.06765457 0.71541147 0.49203279
 0.20776256 0.35651343 0.4479885  0.185176   0.97665102 0.88331652
 1.0444107  0.05469704 0.6335442  0.30117587 0.05469704 0.20511217
 0.81705098 0.19494772 0.26519493 0.05469704 0.99923758 0.49316162
 0.26315861 0.84943669 0.85093082 0.05469704 0.57380935 0.43900507
 0.49547146 0.71391733 0.42435636 0.05469704 0.76058458 0.05469704
 0.76906355 0.48303196 0.79595855 0.78035683 1.01053086 0.08246614
 0.20740462 0.61969754 0.28988259 0.24128446 0.79297029 0.05469704
 0.64306316 0.65613076 0.82983839 0.78317114 0.23228736 0.05469704]
MAPE: 60.63%
