Test percentage: 0.2
Validation percentage: 0.2
Activation function: relu
Learning rate: 0.3
Momentum: 0.1
Epochs: 50
Real values: [0.4926775040680531, 0.6458869251245478, 0.2650884947039226, 0.0705397756260505, 0.7919036341276107, 0.1379307258409547, 0.0977406864403593, 0.560607281144103, 0.0781513763356551, 0.7761720379291148, 0.6772731422556617, 0.2131606223181727, 0.6519017365978006, 0.6965688722765524, 0.5782793700917079, 0.2864303346991967, 0.1745816931336272, 0.7292010146414116, 0.3347994436299387, 0.0898050735650825, 0.1288279531202729, 0.4545013524375202, 0.1600781209442537, 0.148764546982659, 0.3960359528195323, 0.4505469719183489, 0.577176654654945, 0.7046047320097166, 0.6927684422891369, 0.1806609490155221, 0.2903990361980662, 0.5830464662087533, 0.3038285349100731, 0.2722901573696656, 0.1423988715067997, 0.6280018116039319, 0.3127379744048289, 0.3702689300975079, 0.8892719750958162, 0.1185991933708184, 0.5980566430549512, 0.4372803743504092, 0.1922967450203268, 0.3481107942594353, 0.4426113590430722, 0.1810458253449118, 0.9064750519583044, 0.8696647637664892, 1.0, 0.0835002622529407, 0.6062894162589663, 0.3230132773383027, 0.0331906605730897, 0.2416611620400952, 0.7426215627411072, 0.2247964183229774, 0.2593833744166439, 0.0139683255731524, 0.9387849722799536, 0.4706679483943496, 0.1626558972899335, 0.8312200937666145, 0.7911822147753127, 0.0015162337255491, 0.4673938144108437, 0.4403880269449233, 0.4968341684254619, 0.662168088918963, 0.3839204039948372, 0.0206544329697594, 0.6584177823604913, 0.1146985165255154, 0.7580398875087044, 0.48324355869185, 0.622658296054033, 0.7698511155148124, 0.9539741613723796, 0.0950483422570937, 0.2127864867235567, 0.6129039187570822, 0.3127039620780457, 0.2485388125401659, 0.7654187722982129, 0.0907985915316466, 0.4599612259474671, 0.6333614382559911, 0.6879941856822425, 0.6899794314929084, 0.2602462134434616, 0.0431509019532025]
Test Prediction: [0.48727031 0.63106679 0.24365282 0.08572194 0.78074895 0.14255063
 0.08210917 0.55447174 0.11955745 0.76542994 0.66170481 0.23413974
 0.63931096 0.70153784 0.61223984 0.29621484 0.19398744 0.71947291
 0.34454344 0.07487962 0.12901643 0.4534348  0.1390757  0.12375669
 0.40606508 0.43983817 0.56979075 0.70181385 0.67702382 0.17845986
 0.28790467 0.5700596  0.28960985 0.26794839 0.14931774 0.62165332
 0.29584308 0.35711912 0.87266301 0.10241048 0.5910153  0.43155688
 0.19155398 0.35035166 0.43990059 0.17801978 0.88798202 0.87422663
 0.95611419 0.06857497 0.59430477 0.35192827 0.01       0.25444105
 0.72888639 0.23098976 0.26083626 0.01       0.91862004 0.466969
 0.18992035 0.83021392 0.77484342 0.01       0.46128117 0.44407646
 0.52067151 0.6463858  0.37243813 0.01       0.65229134 0.12432305
 0.77110249 0.49562148 0.64287786 0.77786959 0.93393905 0.08164672
 0.19135334 0.61224255 0.34516117 0.23731037 0.75361887 0.07534207
 0.49782473 0.62494279 0.68883489 0.68292936 0.27591353 0.01805092]
MAPE: 13.26%
