Test percentage: 0.2
Validation percentage: 0.2
Activation function: linear
Learning rate: 0.1
Momentum: 0.7
Epochs: 100
Real values: [0.5467002518891688, 0.4572292191435768, 0.3823677581863979, 0.0340554156171284, 0.4909823677581863, 0.4791939546599496, 0.1317884130982367, 0.375617128463476, 0.6111838790931989, 0.5297732997481108, 0.3847858942065491, 0.4764735516372795, 0.4984382871536523, 0.2522921914357682, 0.3814609571788412, 0.5915365239294711, 0.3917380352644836, 0.3724937027707808, 0.3688664987405541, 0.5298740554156172, 0.5996977329974811, 0.3018639798488665, 0.2402015113350125, 0.4336523929471032, 0.2472544080604534, 0.5901259445843828, 0.3178841309823677, 0.2968261964735516, 0.7303778337531487, 0.3503274559193954, 0.6776826196473551, 0.4344584382871536, 0.5106297229219144, 0.0819143576826196, 0.5355163727959698, 0.6134005037783375, 0.3730982367758186, 0.3929471032745592, 0.3842821158690176, 0.5431738035264484, 0.2226700251889168, 0.5418639798488665, 0.2582367758186398, 0.3573803526448362, 0.7442821158690176, 0.338337531486146, 0.7411586901763224, 0.6684130982367759, 0.2977329974811082, 0.4172292191435768, 0.3481108312342569, 0.3038790931989924, 0.5467002518891688, 0.4384886649874055, 0.397984886649874, 0.6942065491183879, 0.3836775818639798, 0.2901763224181359, 0.3918387909319899, 0.2475566750629723, 0.6434256926952141, 0.4674055415617128, 0.0873551637279596, 0.3696725440806045, 0.3377329974811083, 0.4563224181360201, 0.6974307304785894, 0.4143073047858941, 0.4374811083123425, 0.3615113350125944, 0.2944080604534004, 0.3605037783375314, 0.3379345088161208, 0.6545088161209068, 0.4469521410579344, 0.5986901763224182, 0.3745088161209067, 0.5669521410579345, 0.483425692695214, 0.8289168765743073, 0.3824685138539042, 0.3548614609571788, 0.2857430730478589, 0.3675566750629722, 0.5388413098236775, 0.694911838790932, 0.3685642317380352, 0.55455919395466, 0.5882115869017632, 0.1710831234256926, 0.6466498740554156, 0.6505793450881612, 0.1620151133501259, 0.3978841309823677, 0.6136020151133501, 0.8051385390428211, 0.386801007556675, 0.4580352644836272, 0.28544080604534, 0.3155667506297229, 0.3886146095717884, 0.7628211586901763, 0.6099748110831235, 0.3677581863979848, 0.4160201511335012, 0.4700251889168765, 0.4626700251889168, 0.2736523929471032, 0.3693702770780855]
Test Prediction: [0.4714755  0.45277563 0.39711268 0.15092203 0.39123173 0.48487692
 0.33742253 0.33143957 0.66592271 0.3938007  0.31282852 0.39709947
 0.33316749 0.33745093 0.15271278 0.19792873 0.39339965 0.36254442
 0.37402086 0.47390087 0.4951345  0.23670078 0.33068241 0.32547391
 0.29003324 0.46267825 0.32869165 0.32085757 0.4708958  0.45049533
 0.33375975 0.45277563 0.5171955  0.20385222 0.38670283 0.48092663
 0.25427388 0.48059329 0.27247355 0.4971884  0.15446122 0.44114624
 0.39911437 0.2553371  0.59740961 0.27840582 0.48487875 0.51536122
 0.10503348 0.28989682 0.29641272 0.47018339 0.41497708 0.41565251
 0.33850729 0.59205755 0.23786233 0.34979332 0.29850202 0.20385222
 0.4971884  0.42667401 0.12452482 0.37261447 0.37566071 0.41996042
 0.48177463 0.4065619  0.33702114 0.30716233 0.2274432  0.34009998
 0.37954163 0.2502016  0.41615247 0.52785786 0.32774042 0.5613346
 0.43324027 0.47335964 0.3681049  0.32218882 0.31719754 0.37466581
 0.3395526  0.58095192 0.20939283 0.47332816 0.80192978 0.23480426
 0.49527946 0.5049811  0.2393863  0.50585629 0.49484394 0.58835676
 0.35054218 0.3938007  0.46180945 0.29574683 0.23701195 0.53063001
 0.40016416 0.39427406 0.45277563 0.40923763 0.41212151 0.3132399
 0.2166078 ]
MAPE: 27.20%
