Test percentage: 0.2
Validation percentage: 0.2
Activation function: sigmoid
Learning rate: 0.3
Momentum: 0.3
Epochs: 50
Real values: [0.4926775040680531, 0.6458869251245478, 0.2650884947039226, 0.0705397756260505, 0.7919036341276107, 0.1379307258409547, 0.0977406864403593, 0.560607281144103, 0.0781513763356551, 0.7761720379291148, 0.6772731422556617, 0.2131606223181727, 0.6519017365978006, 0.6965688722765524, 0.5782793700917079, 0.2864303346991967, 0.1745816931336272, 0.7292010146414116, 0.3347994436299387, 0.0898050735650825, 0.1288279531202729, 0.4545013524375202, 0.1600781209442537, 0.148764546982659, 0.3960359528195323, 0.4505469719183489, 0.577176654654945, 0.7046047320097166, 0.6927684422891369, 0.1806609490155221, 0.2903990361980662, 0.5830464662087533, 0.3038285349100731, 0.2722901573696656, 0.1423988715067997, 0.6280018116039319, 0.3127379744048289, 0.3702689300975079, 0.8892719750958162, 0.1185991933708184, 0.5980566430549512, 0.4372803743504092, 0.1922967450203268, 0.3481107942594353, 0.4426113590430722, 0.1810458253449118, 0.9064750519583044, 0.8696647637664892, 1.0, 0.0835002622529407, 0.6062894162589663, 0.3230132773383027, 0.0331906605730897, 0.2416611620400952, 0.7426215627411072, 0.2247964183229774, 0.2593833744166439, 0.0139683255731524, 0.9387849722799536, 0.4706679483943496, 0.1626558972899335, 0.8312200937666145, 0.7911822147753127, 0.0015162337255491, 0.4673938144108437, 0.4403880269449233, 0.4968341684254619, 0.662168088918963, 0.3839204039948372, 0.0206544329697594, 0.6584177823604913, 0.1146985165255154, 0.7580398875087044, 0.48324355869185, 0.622658296054033, 0.7698511155148124, 0.9539741613723796, 0.0950483422570937, 0.2127864867235567, 0.6129039187570822, 0.3127039620780457, 0.2485388125401659, 0.7654187722982129, 0.0907985915316466, 0.4599612259474671, 0.6333614382559911, 0.6879941856822425, 0.6899794314929084, 0.2602462134434616, 0.0431509019532025]
Test Prediction: [0.50617166 0.66364497 0.24005448 0.14729339 0.78136537 0.16082856
 0.08947256 0.61018072 0.18227551 0.77531596 0.68299465 0.15507039
 0.64697768 0.67995971 0.70106397 0.2224697  0.12809247 0.75573752
 0.27620913 0.1023233  0.14707376 0.44126198 0.12699398 0.12105874
 0.34924661 0.48429864 0.62143443 0.68392577 0.69222269 0.13526944
 0.26346454 0.59279441 0.27338482 0.22175542 0.16811323 0.68383288
 0.31776258 0.36942148 0.81310073 0.10273341 0.6645686  0.46398241
 0.17695407 0.31127815 0.41479831 0.16158296 0.81769197 0.78656124
 0.84165376 0.08169084 0.60671961 0.25295237 0.06642426 0.17867159
 0.74228105 0.16921906 0.22219716 0.07330804 0.82633638 0.46753959
 0.21755391 0.76871879 0.76322034 0.05389334 0.54123389 0.3978497
 0.46565067 0.67346856 0.38275611 0.06101565 0.70195047 0.09276626
 0.72325176 0.45464773 0.71802156 0.73102852 0.83040264 0.1070766
 0.17584767 0.60407851 0.24211614 0.20233236 0.73395166 0.08548142
 0.60374741 0.62911898 0.74143718 0.71892365 0.19409515 0.09505364]
MAPE: 60.17%
