Test percentage: 0.2
Validation percentage: 0.2
Activation function: tanh
Learning rate: 0.5
Momentum: 0.3
Epochs: 100
Real values: [0.4926775040680531, 0.6458869251245478, 0.2650884947039226, 0.0705397756260505, 0.7919036341276107, 0.1379307258409547, 0.0977406864403593, 0.560607281144103, 0.0781513763356551, 0.7761720379291148, 0.6772731422556617, 0.2131606223181727, 0.6519017365978006, 0.6965688722765524, 0.5782793700917079, 0.2864303346991967, 0.1745816931336272, 0.7292010146414116, 0.3347994436299387, 0.0898050735650825, 0.1288279531202729, 0.4545013524375202, 0.1600781209442537, 0.148764546982659, 0.3960359528195323, 0.4505469719183489, 0.577176654654945, 0.7046047320097166, 0.6927684422891369, 0.1806609490155221, 0.2903990361980662, 0.5830464662087533, 0.3038285349100731, 0.2722901573696656, 0.1423988715067997, 0.6280018116039319, 0.3127379744048289, 0.3702689300975079, 0.8892719750958162, 0.1185991933708184, 0.5980566430549512, 0.4372803743504092, 0.1922967450203268, 0.3481107942594353, 0.4426113590430722, 0.1810458253449118, 0.9064750519583044, 0.8696647637664892, 1.0, 0.0835002622529407, 0.6062894162589663, 0.3230132773383027, 0.0331906605730897, 0.2416611620400952, 0.7426215627411072, 0.2247964183229774, 0.2593833744166439, 0.0139683255731524, 0.9387849722799536, 0.4706679483943496, 0.1626558972899335, 0.8312200937666145, 0.7911822147753127, 0.0015162337255491, 0.4673938144108437, 0.4403880269449233, 0.4968341684254619, 0.662168088918963, 0.3839204039948372, 0.0206544329697594, 0.6584177823604913, 0.1146985165255154, 0.7580398875087044, 0.48324355869185, 0.622658296054033, 0.7698511155148124, 0.9539741613723796, 0.0950483422570937, 0.2127864867235567, 0.6129039187570822, 0.3127039620780457, 0.2485388125401659, 0.7654187722982129, 0.0907985915316466, 0.4599612259474671, 0.6333614382559911, 0.6879941856822425, 0.6899794314929084, 0.2602462134434616, 0.0431509019532025]
Test Prediction: [0.50193683 0.6477549  0.27192868 0.07961385 0.80972333 0.14125337
 0.10598556 0.56433674 0.09985333 0.79247322 0.68001255 0.23051124
 0.66446562 0.70395558 0.5992727  0.30029461 0.19146049 0.73677626
 0.35155885 0.0990308  0.1332924  0.46168335 0.17542805 0.16473254
 0.4078086  0.45512685 0.58128365 0.71512326 0.69583106 0.19303787
 0.2903347  0.59483666 0.31368896 0.28868417 0.14526222 0.62966455
 0.31602568 0.3765238  0.892402   0.12720101 0.59295399 0.43954308
 0.19830974 0.35580671 0.44629977 0.1885814  0.9023996  0.86536443
 0.94349018 0.09097219 0.60652225 0.33918385 0.03698737 0.25782353
 0.75436484 0.24315678 0.26794001 0.02095111 0.91940653 0.47737903
 0.17096898 0.83408574 0.80225013 0.00228476 0.46562261 0.44827747
 0.50699256 0.66397897 0.39193757 0.02323287 0.66621233 0.12608516
 0.76746623 0.49422519 0.63836575 0.7793589  0.92655377 0.10375291
 0.22509621 0.6226265  0.32952776 0.26292545 0.77048501 0.09854763
 0.48927781 0.63524235 0.69768377 0.70226356 0.27647804 0.04471244]
MAPE: 4.90%
