Test percentage: 0.2
Validation percentage: 0.2
Activation function: tanh
Learning rate: 0.3
Momentum: 0.1
Epochs: 50
Real values: [0.4926775040680531, 0.6458869251245478, 0.2650884947039226, 0.0705397756260505, 0.7919036341276107, 0.1379307258409547, 0.0977406864403593, 0.560607281144103, 0.0781513763356551, 0.7761720379291148, 0.6772731422556617, 0.2131606223181727, 0.6519017365978006, 0.6965688722765524, 0.5782793700917079, 0.2864303346991967, 0.1745816931336272, 0.7292010146414116, 0.3347994436299387, 0.0898050735650825, 0.1288279531202729, 0.4545013524375202, 0.1600781209442537, 0.148764546982659, 0.3960359528195323, 0.4505469719183489, 0.577176654654945, 0.7046047320097166, 0.6927684422891369, 0.1806609490155221, 0.2903990361980662, 0.5830464662087533, 0.3038285349100731, 0.2722901573696656, 0.1423988715067997, 0.6280018116039319, 0.3127379744048289, 0.3702689300975079, 0.8892719750958162, 0.1185991933708184, 0.5980566430549512, 0.4372803743504092, 0.1922967450203268, 0.3481107942594353, 0.4426113590430722, 0.1810458253449118, 0.9064750519583044, 0.8696647637664892, 1.0, 0.0835002622529407, 0.6062894162589663, 0.3230132773383027, 0.0331906605730897, 0.2416611620400952, 0.7426215627411072, 0.2247964183229774, 0.2593833744166439, 0.0139683255731524, 0.9387849722799536, 0.4706679483943496, 0.1626558972899335, 0.8312200937666145, 0.7911822147753127, 0.0015162337255491, 0.4673938144108437, 0.4403880269449233, 0.4968341684254619, 0.662168088918963, 0.3839204039948372, 0.0206544329697594, 0.6584177823604913, 0.1146985165255154, 0.7580398875087044, 0.48324355869185, 0.622658296054033, 0.7698511155148124, 0.9539741613723796, 0.0950483422570937, 0.2127864867235567, 0.6129039187570822, 0.3127039620780457, 0.2485388125401659, 0.7654187722982129, 0.0907985915316466, 0.4599612259474671, 0.6333614382559911, 0.6879941856822425, 0.6899794314929084, 0.2602462134434616, 0.0431509019532025]
Test Prediction: [ 0.48930111  0.64218655  0.29661045  0.04770245  0.7525016   0.11076558
  0.10298527  0.56169078  0.06862023  0.74077142  0.67027563  0.24822871
  0.63020595  0.69324853  0.58335787  0.3151619   0.21349331  0.70053295
  0.36987815  0.04709839  0.09942111  0.48574483  0.21485709  0.20840364
  0.44092547  0.46252617  0.57863952  0.68345822  0.6831739   0.20363652
  0.30393243  0.56259424  0.33131316  0.30747722  0.11586755  0.61806875
  0.33433246  0.38852264  0.80476586  0.1200537   0.5835998   0.39725899
  0.18897525  0.38453016  0.47740853  0.17571941  0.81056564  0.77098933
  0.82972092  0.09376248  0.61195968  0.35209985  0.01578026  0.27801623
  0.72046285  0.2643123   0.28051969 -0.05279183  0.81984805  0.49015335
  0.13661354  0.76395399  0.75237916  0.01049584  0.46910495  0.45967098
  0.52980232  0.65659567  0.4032702   0.01216217  0.65071504  0.14874069
  0.72443527  0.52729752  0.61921477  0.72786062  0.82337402  0.05356088
  0.25673599  0.62460752  0.34008947  0.28558651  0.73477478  0.09814429
  0.48729801  0.63921552  0.66984801  0.68088961  0.28407132 -0.01675532]
MAPE: 23.43%
