Test percentage: 0.2
Validation percentage: 0.2
Activation function: sigmoid
Learning rate: 0.9
Momentum: 0.3
Epochs: 50
Real values: [0.4926775040680531, 0.6458869251245478, 0.2650884947039226, 0.0705397756260505, 0.7919036341276107, 0.1379307258409547, 0.0977406864403593, 0.560607281144103, 0.0781513763356551, 0.7761720379291148, 0.6772731422556617, 0.2131606223181727, 0.6519017365978006, 0.6965688722765524, 0.5782793700917079, 0.2864303346991967, 0.1745816931336272, 0.7292010146414116, 0.3347994436299387, 0.0898050735650825, 0.1288279531202729, 0.4545013524375202, 0.1600781209442537, 0.148764546982659, 0.3960359528195323, 0.4505469719183489, 0.577176654654945, 0.7046047320097166, 0.6927684422891369, 0.1806609490155221, 0.2903990361980662, 0.5830464662087533, 0.3038285349100731, 0.2722901573696656, 0.1423988715067997, 0.6280018116039319, 0.3127379744048289, 0.3702689300975079, 0.8892719750958162, 0.1185991933708184, 0.5980566430549512, 0.4372803743504092, 0.1922967450203268, 0.3481107942594353, 0.4426113590430722, 0.1810458253449118, 0.9064750519583044, 0.8696647637664892, 1.0, 0.0835002622529407, 0.6062894162589663, 0.3230132773383027, 0.0331906605730897, 0.2416611620400952, 0.7426215627411072, 0.2247964183229774, 0.2593833744166439, 0.0139683255731524, 0.9387849722799536, 0.4706679483943496, 0.1626558972899335, 0.8312200937666145, 0.7911822147753127, 0.0015162337255491, 0.4673938144108437, 0.4403880269449233, 0.4968341684254619, 0.662168088918963, 0.3839204039948372, 0.0206544329697594, 0.6584177823604913, 0.1146985165255154, 0.7580398875087044, 0.48324355869185, 0.622658296054033, 0.7698511155148124, 0.9539741613723796, 0.0950483422570937, 0.2127864867235567, 0.6129039187570822, 0.3127039620780457, 0.2485388125401659, 0.7654187722982129, 0.0907985915316466, 0.4599612259474671, 0.6333614382559911, 0.6879941856822425, 0.6899794314929084, 0.2602462134434616, 0.0431509019532025]
Test Prediction: [0.50972859 0.65024788 0.24979519 0.09957517 0.78419197 0.1263972
 0.10819515 0.56427393 0.11935419 0.77277146 0.68120261 0.19607318
 0.68389416 0.70757213 0.62021534 0.2554618  0.17247048 0.73424504
 0.30862587 0.09535693 0.1190262  0.45938006 0.17333534 0.16763766
 0.3818597  0.43390954 0.58223786 0.72560377 0.69578386 0.16214938
 0.2522347  0.61485064 0.28252843 0.25473513 0.13032343 0.63861786
 0.29207868 0.34622936 0.83911348 0.11651173 0.60317823 0.4290318
 0.1632381  0.32408285 0.43771371 0.1543224  0.84624716 0.82852089
 0.87953533 0.10317679 0.60596067 0.295319   0.07459294 0.2160176
 0.74425529 0.21369175 0.22549392 0.06146673 0.8590433  0.48028682
 0.15732177 0.80667443 0.7794628  0.06789212 0.45531747 0.41774949
 0.4932279  0.66601444 0.36092411 0.07171012 0.67197467 0.12969087
 0.76268305 0.49015509 0.65591655 0.7719278  0.86476313 0.09785973
 0.21018808 0.64244642 0.28528443 0.23575561 0.75909035 0.10563519
 0.49148798 0.63762106 0.70496584 0.70289205 0.23225308 0.07204696]
MAPE: 63.31%
