Test percentage: 0.2
Validation percentage: 0.2
Activation function: relu
Learning rate: 0.3
Momentum: 0.3
Epochs: 50
Real values: [0.4926775040680531, 0.6458869251245478, 0.2650884947039226, 0.0705397756260505, 0.7919036341276107, 0.1379307258409547, 0.0977406864403593, 0.560607281144103, 0.0781513763356551, 0.7761720379291148, 0.6772731422556617, 0.2131606223181727, 0.6519017365978006, 0.6965688722765524, 0.5782793700917079, 0.2864303346991967, 0.1745816931336272, 0.7292010146414116, 0.3347994436299387, 0.0898050735650825, 0.1288279531202729, 0.4545013524375202, 0.1600781209442537, 0.148764546982659, 0.3960359528195323, 0.4505469719183489, 0.577176654654945, 0.7046047320097166, 0.6927684422891369, 0.1806609490155221, 0.2903990361980662, 0.5830464662087533, 0.3038285349100731, 0.2722901573696656, 0.1423988715067997, 0.6280018116039319, 0.3127379744048289, 0.3702689300975079, 0.8892719750958162, 0.1185991933708184, 0.5980566430549512, 0.4372803743504092, 0.1922967450203268, 0.3481107942594353, 0.4426113590430722, 0.1810458253449118, 0.9064750519583044, 0.8696647637664892, 1.0, 0.0835002622529407, 0.6062894162589663, 0.3230132773383027, 0.0331906605730897, 0.2416611620400952, 0.7426215627411072, 0.2247964183229774, 0.2593833744166439, 0.0139683255731524, 0.9387849722799536, 0.4706679483943496, 0.1626558972899335, 0.8312200937666145, 0.7911822147753127, 0.0015162337255491, 0.4673938144108437, 0.4403880269449233, 0.4968341684254619, 0.662168088918963, 0.3839204039948372, 0.0206544329697594, 0.6584177823604913, 0.1146985165255154, 0.7580398875087044, 0.48324355869185, 0.622658296054033, 0.7698511155148124, 0.9539741613723796, 0.0950483422570937, 0.2127864867235567, 0.6129039187570822, 0.3127039620780457, 0.2485388125401659, 0.7654187722982129, 0.0907985915316466, 0.4599612259474671, 0.6333614382559911, 0.6879941856822425, 0.6899794314929084, 0.2602462134434616, 0.0431509019532025]
Test Prediction: [0.50151769 0.65528027 0.25425374 0.10262169 0.81468282 0.15190814
 0.0916975  0.5790299  0.13833712 0.79943274 0.68578042 0.24506433
 0.65490045 0.72009785 0.64693199 0.30339556 0.1883846  0.75368252
 0.3492146  0.08047726 0.13762196 0.46580226 0.12718961 0.11872983
 0.41580064 0.46029867 0.59427997 0.71731087 0.7010305  0.18981437
 0.29814722 0.58535274 0.30000396 0.27296422 0.15905122 0.65110613
 0.31161519 0.37261549 0.90618327 0.11312676 0.62060598 0.44625732
 0.20003034 0.36054026 0.45151608 0.18574417 0.92143334 0.89214489
 1.01293379 0.07025862 0.61334732 0.35865594 0.01390259 0.26649359
 0.75785666 0.2307101  0.26957487 0.01       0.95193349 0.48008843
 0.20190975 0.85353125 0.80360688 0.01282763 0.48698154 0.45305262
 0.52930299 0.67053035 0.38786557 0.01347261 0.68160628 0.12425837
 0.78687016 0.50677878 0.67743214 0.79401325 0.96718357 0.08762035
 0.19671385 0.6263281  0.35151285 0.24246407 0.77728087 0.0801307
 0.52855763 0.64384747 0.72318237 0.71210643 0.2819663  0.03119081]
MAPE: 16.01%
