Test percentage: 0.2
Validation percentage: 0.2
Activation function: relu
Learning rate: 0.1
Momentum: 0.7
Epochs: 100
Real values: [0.4926775040680531, 0.6458869251245478, 0.2650884947039226, 0.0705397756260505, 0.7919036341276107, 0.1379307258409547, 0.0977406864403593, 0.560607281144103, 0.0781513763356551, 0.7761720379291148, 0.6772731422556617, 0.2131606223181727, 0.6519017365978006, 0.6965688722765524, 0.5782793700917079, 0.2864303346991967, 0.1745816931336272, 0.7292010146414116, 0.3347994436299387, 0.0898050735650825, 0.1288279531202729, 0.4545013524375202, 0.1600781209442537, 0.148764546982659, 0.3960359528195323, 0.4505469719183489, 0.577176654654945, 0.7046047320097166, 0.6927684422891369, 0.1806609490155221, 0.2903990361980662, 0.5830464662087533, 0.3038285349100731, 0.2722901573696656, 0.1423988715067997, 0.6280018116039319, 0.3127379744048289, 0.3702689300975079, 0.8892719750958162, 0.1185991933708184, 0.5980566430549512, 0.4372803743504092, 0.1922967450203268, 0.3481107942594353, 0.4426113590430722, 0.1810458253449118, 0.9064750519583044, 0.8696647637664892, 1.0, 0.0835002622529407, 0.6062894162589663, 0.3230132773383027, 0.0331906605730897, 0.2416611620400952, 0.7426215627411072, 0.2247964183229774, 0.2593833744166439, 0.0139683255731524, 0.9387849722799536, 0.4706679483943496, 0.1626558972899335, 0.8312200937666145, 0.7911822147753127, 0.0015162337255491, 0.4673938144108437, 0.4403880269449233, 0.4968341684254619, 0.662168088918963, 0.3839204039948372, 0.0206544329697594, 0.6584177823604913, 0.1146985165255154, 0.7580398875087044, 0.48324355869185, 0.622658296054033, 0.7698511155148124, 0.9539741613723796, 0.0950483422570937, 0.2127864867235567, 0.6129039187570822, 0.3127039620780457, 0.2485388125401659, 0.7654187722982129, 0.0907985915316466, 0.4599612259474671, 0.6333614382559911, 0.6879941856822425, 0.6899794314929084, 0.2602462134434616, 0.0431509019532025]
Test Prediction: [0.47859464 0.62371197 0.25115007 0.07605022 0.76881517 0.1248557
 0.09548226 0.53132796 0.10129002 0.75033837 0.66066558 0.20676119
 0.64049321 0.68485809 0.56557034 0.273629   0.17017638 0.69490796
 0.32930407 0.08124607 0.11613377 0.44941976 0.16555517 0.15223777
 0.39142343 0.42827575 0.54980476 0.68925544 0.67914238 0.1785204
 0.27579455 0.56537654 0.29570721 0.28155435 0.12921666 0.59464116
 0.29394886 0.35335839 0.87967599 0.12292087 0.55768755 0.41514319
 0.18001181 0.34512348 0.4377498  0.17128989 0.8981528  0.84705007
 0.98138765 0.07718986 0.59731998 0.30257578 0.03343842 0.2341998
 0.72397878 0.2258644  0.25245464 0.0118906  0.9351064  0.46108971
 0.16062637 0.81373221 0.77940919 0.01       0.43895896 0.42709791
 0.48262769 0.64218878 0.36821077 0.02104681 0.63159476 0.10535078
 0.74038787 0.47589521 0.60252394 0.75149382 0.95358321 0.08560703
 0.20835277 0.6047932  0.29146983 0.25290992 0.75820243 0.08633606
 0.46690985 0.62932831 0.65795435 0.66854837 0.2447932  0.0324406 ]
MAPE: 10.35%
