Test percentage: 0.2
Validation percentage: 0.2
Activation function: linear
Learning rate: 0.1
Momentum: 0.7
Epochs: 100
Real values: [0.4926775040680531, 0.6458869251245478, 0.2650884947039226, 0.0705397756260505, 0.7919036341276107, 0.1379307258409547, 0.0977406864403593, 0.560607281144103, 0.0781513763356551, 0.7761720379291148, 0.6772731422556617, 0.2131606223181727, 0.6519017365978006, 0.6965688722765524, 0.5782793700917079, 0.2864303346991967, 0.1745816931336272, 0.7292010146414116, 0.3347994436299387, 0.0898050735650825, 0.1288279531202729, 0.4545013524375202, 0.1600781209442537, 0.148764546982659, 0.3960359528195323, 0.4505469719183489, 0.577176654654945, 0.7046047320097166, 0.6927684422891369, 0.1806609490155221, 0.2903990361980662, 0.5830464662087533, 0.3038285349100731, 0.2722901573696656, 0.1423988715067997, 0.6280018116039319, 0.3127379744048289, 0.3702689300975079, 0.8892719750958162, 0.1185991933708184, 0.5980566430549512, 0.4372803743504092, 0.1922967450203268, 0.3481107942594353, 0.4426113590430722, 0.1810458253449118, 0.9064750519583044, 0.8696647637664892, 1.0, 0.0835002622529407, 0.6062894162589663, 0.3230132773383027, 0.0331906605730897, 0.2416611620400952, 0.7426215627411072, 0.2247964183229774, 0.2593833744166439, 0.0139683255731524, 0.9387849722799536, 0.4706679483943496, 0.1626558972899335, 0.8312200937666145, 0.7911822147753127, 0.0015162337255491, 0.4673938144108437, 0.4403880269449233, 0.4968341684254619, 0.662168088918963, 0.3839204039948372, 0.0206544329697594, 0.6584177823604913, 0.1146985165255154, 0.7580398875087044, 0.48324355869185, 0.622658296054033, 0.7698511155148124, 0.9539741613723796, 0.0950483422570937, 0.2127864867235567, 0.6129039187570822, 0.3127039620780457, 0.2485388125401659, 0.7654187722982129, 0.0907985915316466, 0.4599612259474671, 0.6333614382559911, 0.6879941856822425, 0.6899794314929084, 0.2602462134434616, 0.0431509019532025]
Test Prediction: [ 0.53685361  0.69014798  0.30261491  0.19306442  0.86892405  0.21899634
  0.07255151  0.63636736  0.24684503  0.85816793  0.71166022  0.19942944
  0.6629809   0.7026529   0.7506067   0.29089235  0.15640494  0.82589956
  0.33634186  0.1114351   0.19748409  0.483073    0.15497538  0.14421925
  0.40778014  0.51438488  0.64712348  0.7044017   0.72241635  0.16832944
  0.33508522  0.61065887  0.33488328  0.28256125  0.22975246  0.72037734
  0.37630408  0.41932857  0.93346079  0.10481988  0.69886509  0.50601481
  0.23930728  0.37694133  0.46156075  0.21779504  0.94421691  0.86224595
  1.00875365  0.05103926  0.62736003  0.32173115 -0.00154005  0.23169781
  0.7956702   0.21951212  0.29206072  0.02096645  0.96572916  0.50458524
  0.2942892   0.82997758  0.82793857 -0.05532067  0.5664167   0.44785843
  0.50163905  0.7009041   0.43008469 -0.0230523   0.74188958  0.08228046
  0.75643351  0.49234151  0.77211894  0.76718964  0.97648528  0.12219123
  0.22878063  0.6199564   0.31097503  0.261049    0.77619696  0.06179539
  0.62891443  0.64887228  0.80438731  0.76340183  0.25862398  0.08550319]
MAPE: 62.52%
