Test percentage: 0.2
Validation percentage: 0.2
Activation function: sigmoid
Learning rate: 0.1
Momentum: 0.7
Epochs: 100
Real values: [0.4926775040680531, 0.6458869251245478, 0.2650884947039226, 0.0705397756260505, 0.7919036341276107, 0.1379307258409547, 0.0977406864403593, 0.560607281144103, 0.0781513763356551, 0.7761720379291148, 0.6772731422556617, 0.2131606223181727, 0.6519017365978006, 0.6965688722765524, 0.5782793700917079, 0.2864303346991967, 0.1745816931336272, 0.7292010146414116, 0.3347994436299387, 0.0898050735650825, 0.1288279531202729, 0.4545013524375202, 0.1600781209442537, 0.148764546982659, 0.3960359528195323, 0.4505469719183489, 0.577176654654945, 0.7046047320097166, 0.6927684422891369, 0.1806609490155221, 0.2903990361980662, 0.5830464662087533, 0.3038285349100731, 0.2722901573696656, 0.1423988715067997, 0.6280018116039319, 0.3127379744048289, 0.3702689300975079, 0.8892719750958162, 0.1185991933708184, 0.5980566430549512, 0.4372803743504092, 0.1922967450203268, 0.3481107942594353, 0.4426113590430722, 0.1810458253449118, 0.9064750519583044, 0.8696647637664892, 1.0, 0.0835002622529407, 0.6062894162589663, 0.3230132773383027, 0.0331906605730897, 0.2416611620400952, 0.7426215627411072, 0.2247964183229774, 0.2593833744166439, 0.0139683255731524, 0.9387849722799536, 0.4706679483943496, 0.1626558972899335, 0.8312200937666145, 0.7911822147753127, 0.0015162337255491, 0.4673938144108437, 0.4403880269449233, 0.4968341684254619, 0.662168088918963, 0.3839204039948372, 0.0206544329697594, 0.6584177823604913, 0.1146985165255154, 0.7580398875087044, 0.48324355869185, 0.622658296054033, 0.7698511155148124, 0.9539741613723796, 0.0950483422570937, 0.2127864867235567, 0.6129039187570822, 0.3127039620780457, 0.2485388125401659, 0.7654187722982129, 0.0907985915316466, 0.4599612259474671, 0.6333614382559911, 0.6879941856822425, 0.6899794314929084, 0.2602462134434616, 0.0431509019532025]
Test Prediction: [0.51250795 0.66340561 0.25799989 0.129571   0.80570682 0.15567865
 0.11028328 0.58459375 0.14703827 0.79527223 0.69236154 0.1872873
 0.67417252 0.70766243 0.65987222 0.24857138 0.16144358 0.76031096
 0.3005919  0.11058521 0.14597332 0.45805511 0.16421566 0.15887691
 0.37299361 0.45795553 0.60084839 0.71833607 0.70608997 0.16241533
 0.27275309 0.60856665 0.28742912 0.24901109 0.16059287 0.66468305
 0.31333445 0.36155617 0.85611178 0.12291928 0.63315214 0.44748327
 0.1857889  0.32958439 0.43436255 0.17322178 0.86266191 0.83267809
 0.89314361 0.1028012  0.60985977 0.27965396 0.07978448 0.21001421
 0.76116755 0.20293302 0.23875366 0.07740661 0.87439818 0.48078061
 0.18997023 0.81171216 0.79395024 0.06800581 0.49432376 0.40689806
 0.48070459 0.67812028 0.37478719 0.07471035 0.69477096 0.12137555
 0.76146578 0.47770623 0.69077611 0.77052851 0.87963706 0.11460807
 0.20797191 0.63166617 0.26918581 0.23137073 0.76619613 0.10645063
 0.54230383 0.64006987 0.73405203 0.72298933 0.22173125 0.09498178]
MAPE: 67.50%
