Test percentage: 0.2
Validation percentage: 0.2
Activation function: sigmoid
Learning rate: 0.5
Momentum: 0.01
Epochs: 50
Real values: [0.4926775040680531, 0.6458869251245478, 0.2650884947039226, 0.0705397756260505, 0.7919036341276107, 0.1379307258409547, 0.0977406864403593, 0.560607281144103, 0.0781513763356551, 0.7761720379291148, 0.6772731422556617, 0.2131606223181727, 0.6519017365978006, 0.6965688722765524, 0.5782793700917079, 0.2864303346991967, 0.1745816931336272, 0.7292010146414116, 0.3347994436299387, 0.0898050735650825, 0.1288279531202729, 0.4545013524375202, 0.1600781209442537, 0.148764546982659, 0.3960359528195323, 0.4505469719183489, 0.577176654654945, 0.7046047320097166, 0.6927684422891369, 0.1806609490155221, 0.2903990361980662, 0.5830464662087533, 0.3038285349100731, 0.2722901573696656, 0.1423988715067997, 0.6280018116039319, 0.3127379744048289, 0.3702689300975079, 0.8892719750958162, 0.1185991933708184, 0.5980566430549512, 0.4372803743504092, 0.1922967450203268, 0.3481107942594353, 0.4426113590430722, 0.1810458253449118, 0.9064750519583044, 0.8696647637664892, 1.0, 0.0835002622529407, 0.6062894162589663, 0.3230132773383027, 0.0331906605730897, 0.2416611620400952, 0.7426215627411072, 0.2247964183229774, 0.2593833744166439, 0.0139683255731524, 0.9387849722799536, 0.4706679483943496, 0.1626558972899335, 0.8312200937666145, 0.7911822147753127, 0.0015162337255491, 0.4673938144108437, 0.4403880269449233, 0.4968341684254619, 0.662168088918963, 0.3839204039948372, 0.0206544329697594, 0.6584177823604913, 0.1146985165255154, 0.7580398875087044, 0.48324355869185, 0.622658296054033, 0.7698511155148124, 0.9539741613723796, 0.0950483422570937, 0.2127864867235567, 0.6129039187570822, 0.3127039620780457, 0.2485388125401659, 0.7654187722982129, 0.0907985915316466, 0.4599612259474671, 0.6333614382559911, 0.6879941856822425, 0.6899794314929084, 0.2602462134434616, 0.0431509019532025]
Test Prediction: [0.52441535 0.67997277 0.24814957 0.1549602  0.79692234 0.16903756
 0.10854216 0.61960258 0.18567712 0.79065226 0.70121036 0.17110762
 0.67107121 0.70239995 0.70790496 0.23357843 0.14647743 0.76980359
 0.28689963 0.11698701 0.1566706  0.45780905 0.1466253  0.14140863
 0.36174755 0.48801929 0.63246367 0.70813778 0.7111856  0.15151536
 0.27228195 0.61509693 0.2803988  0.23336515 0.17560745 0.69572858
 0.31911788 0.37220391 0.82832502 0.12025011 0.67364183 0.47651021
 0.1867683  0.32224062 0.43023883 0.17253629 0.83264503 0.80544841
 0.85418795 0.1017428  0.62344796 0.26337566 0.08644255 0.19323738
 0.75993426 0.18477076 0.23205127 0.09036191 0.84061463 0.48499227
 0.22035142 0.78888568 0.78156099 0.07572314 0.5419752  0.40668966
 0.48014658 0.69080607 0.38627666 0.08180691 0.71614118 0.11344747
 0.74611617 0.47178141 0.72758824 0.75366899 0.84428746 0.12115008
 0.19050484 0.62794911 0.25265655 0.21496271 0.75479792 0.10504846
 0.60361839 0.64810627 0.75408637 0.73487817 0.20622887 0.10915751]
MAPE: 79.14%
